2000-01-01T01:02:33,-0.00,500,-999,-999,500,-999,-999,
2000-01-01T01:02:38,-0.00,606,20.30,12.00,540,20.60,12.00,
2000-01-01T01:02:43,-0.00,606,20.30,9.00,541,20.50,9.00,
2000-01-01T01:02:48,-0.00,597,20.40,7.00,529,20.50,7.00,
2000-01-01T01:02:53,-0.00,588,20.30,5.00,521,20.50,5.00,
2000-01-01T01:02:58,-0.00,583,20.30,5.00,515,20.50,5.00,
2000-01-01T01:03:03,-0.00,568,20.30,5.00,498,20.70,5.00,
2000-01-01T01:03:08,-0.00,546,20.50,5.00,472,20.50,5.00,
2000-01-01T01:03:13,-0.00,536,20.30,5.00,460,20.70,5.00,
2000-01-01T01:03:18,-0.00,516,20.30,5.00,434,20.60,5.00,
2000-01-01T01:03:24,-0.00,498,20.30,5.00,413,20.60,5.00,
2000-01-01T01:03:29,-0.00,483,20.20,5.00,396,20.60,5.00,
2000-01-01T01:03:34,-0.00,476,20.40,5.00,389,20.60,5.00,
2000-01-01T01:03:39,-0.00,462,20.40,5.00,375,20.50,5.00,
2000-01-01T01:03:44,-0.00,453,20.60,5.00,363,20.50,5.00,
2000-01-01T01:03:49,-0.00,448,20.40,5.00,357,20.50,5.00,
2000-01-01T01:03:54,-0.00,441,20.50,5.00,349,20.70,5.00,
2000-01-01T01:03:59,-0.00,437,20.60,5.00,344,20.60,5.00,
2000-01-01T01:04:04,-0.00,435,20.60,5.00,342,20.80,5.00,
2000-01-01T01:04:09,-0.00,431,20.80,5.00,339,20.70,5.00,
2000-01-01T01:04:14,-0.00,427,20.40,5.00,336,20.50,5.00,
2000-01-01T01:04:19,-0.00,425,20.80,5.00,333,20.50,5.00,
2000-01-01T01:04:24,-0.00,422,20.30,5.00,326,20.60,5.00,
2000-01-01T01:04:30,-0.00,419,20.30,5.00,316,20.80,5.00,
2000-01-01T01:04:35,-0.00,418,20.60,5.00,311,20.70,5.00,
2000-01-01T01:04:40,-0.00,416,20.60,5.00,303,20.80,5.00,
2000-01-01T01:04:45,-0.00,412,20.50,5.00,297,20.70,5.00,
2000-01-01T01:04:50,-0.00,409,20.70,5.00,295,20.80,5.00,
2000-01-01T01:04:55,-0.00,405,20.50,5.00,294,20.50,5.00,
2000-01-01T01:05:00,-0.00,401,20.50,5.00,295,20.70,5.00,
2000-01-01T01:05:05,-0.00,401,20.40,5.00,296,20.70,5.00,
2000-01-01T01:05:10,-0.00,400,20.60,5.00,296,20.80,5.00,
2000-01-01T01:05:15,-0.00,401,20.80,5.00,295,20.80,5.00,
2000-01-01T01:05:20,-0.00,399,20.80,5.00,293,20.90,5.00,
2000-01-01T01:05:26,-0.00,398,20.60,5.00,292,20.80,5.00,
2000-01-01T01:05:31,-0.00,396,20.50,5.00,290,20.80,5.00,
2000-01-01T01:05:36,-0.00,396,20.50,5.00,288,20.80,5.00,
2000-01-01T01:05:41,-0.00,397,20.80,5.00,288,20.80,5.00,
2000-01-01T01:05:46,-0.00,398,20.70,5.00,287,20.90,5.00,
2000-01-01T01:05:51,-0.00,398,20.60,5.00,284,20.70,5.00,
2000-01-01T01:05:56,-0.00,398,20.60,5.00,283,20.80,5.00,
2000-01-01T01:06:01,-0.00,397,20.60,5.00,282,20.90,5.00,
2000-01-01T01:06:06,-0.00,397,20.80,5.00,281,20.80,5.00,
2000-01-01T01:06:11,-0.00,397,20.60,5.00,282,21.00,5.00,
2000-01-01T01:06:16,-0.00,398,20.60,5.00,284,20.80,5.00,
2000-01-01T01:06:21,-0.00,396,20.80,5.00,285,20.90,5.00,
2000-01-01T01:06:27,-0.00,396,20.80,5.00,287,20.90,5.00,
2000-01-01T01:06:32,-0.00,396,20.80,5.00,289,20.90,5.00,
2000-01-01T01:06:37,-0.00,397,20.70,5.00,292,20.90,5.00,
2000-01-01T01:06:42,-0.00,399,20.80,5.00,294,21.10,5.00,
2000-01-01T01:06:47,-0.00,399,20.80,5.00,294,20.90,5.00,
2000-01-01T01:06:52,-0.00,400,20.80,5.00,293,20.80,5.00,
2000-01-01T01:06:57,-0.00,401,20.80,5.00,290,20.90,5.00,
2000-01-01T01:07:02,-0.00,400,20.80,5.00,289,21.10,5.00,
2000-01-01T01:07:07,-0.00,399,20.70,5.00,288,21.00,5.00,
2000-01-01T01:07:12,-0.00,396,20.70,5.00,290,20.90,5.00,
2000-01-01T01:07:17,-0.00,395,20.90,5.00,291,21.10,5.00,
2000-01-01T01:07:22,-0.00,392,20.60,5.00,293,21.10,5.00,
2000-01-01T01:07:27,-0.00,390,20.80,5.00,293,20.90,5.00,
2000-01-01T01:07:33,-0.00,390,20.70,5.00,293,21.10,5.00,
2000-01-01T01:07:38,-0.00,391,20.70,5.00,289,21.10,5.00,
2000-01-01T01:07:43,-0.00,391,20.80,5.00,284,21.00,5.00,
2000-01-01T01:07:48,-0.00,392,20.80,5.00,280,21.00,5.00,
2000-01-01T01:07:53,-0.00,391,20.90,5.00,279,21.00,5.00,
2000-01-01T01:07:58,-0.00,388,20.80,5.00,280,21.00,5.00,
2000-01-01T01:08:03,-0.00,386,20.70,5.00,281,21.10,5.00,
2000-01-01T01:08:08,-0.00,385,20.90,5.00,281,21.10,5.00,
2000-01-01T01:08:13,-0.00,385,20.90,5.00,281,21.10,5.00,
2000-01-01T01:08:18,-0.00,388,20.80,5.00,280,21.20,5.00,
2000-01-01T01:08:23,-0.00,389,20.80,5.00,281,21.10,5.00,
2000-01-01T01:08:28,-0.00,393,20.80,5.00,285,21.00,5.00,
2000-01-01T01:08:34,-0.00,395,20.80,5.00,288,21.20,5.00,
2000-01-01T01:08:39,-0.00,395,20.60,5.00,289,21.20,5.00,
2000-01-01T01:08:44,-0.00,393,20.80,5.00,286,21.20,5.00,
2000-01-01T01:08:49,-0.00,389,20.80,5.00,281,21.00,5.00,
2000-01-01T01:08:54,-0.00,388,20.70,5.00,278,21.20,5.00,
2000-01-01T01:08:59,-0.00,385,20.80,5.00,273,21.10,5.00,
2000-01-01T01:09:04,-0.00,382,21.00,5.00,269,21.20,5.00,
2000-01-01T01:09:09,-0.00,380,20.80,5.00,268,21.10,5.00,
2000-01-01T01:09:14,-0.00,380,21.00,5.00,267,21.30,5.00,
2000-01-01T01:09:19,-0.00,379,21.10,5.00,269,21.20,5.00,
2000-01-01T01:09:24,-0.00,379,20.80,5.00,272,21.20,5.00,
2000-01-01T01:09:29,-0.00,380,21.00,5.00,274,21.30,5.00,
2000-01-01T01:09:35,-0.00,382,20.90,5.00,279,21.20,5.00,
2000-01-01T01:09:40,-0.00,384,21.00,5.00,280,21.30,5.00,
2000-01-01T01:09:45,-0.00,385,21.10,5.00,280,21.10,5.00,
2000-01-01T01:09:50,-0.00,385,21.10,5.00,278,21.20,5.00,
2000-01-01T01:09:55,-0.00,383,21.10,5.00,275,21.20,5.00,
2000-01-01T01:10:00,-0.00,382,21.00,5.00,274,21.10,5.00,
2000-01-01T01:10:05,-0.00,382,20.80,5.00,274,21.20,5.00,
2000-01-01T01:10:10,-0.00,383,20.90,5.00,274,21.30,5.00,
2000-01-01T01:10:15,-0.00,384,21.00,5.00,274,21.30,5.00,
2000-01-01T01:10:20,-0.00,387,21.10,5.00,275,21.20,5.00,
2000-01-01T01:10:25,-0.00,389,21.00,5.00,274,21.30,5.00,
2000-01-01T01:10:30,-0.00,389,21.00,5.00,274,21.30,5.00,
2000-01-01T01:10:36,-0.00,389,20.90,5.00,274,21.30,5.00,
2000-01-01T01:10:41,-0.00,389,21.00,5.00,274,21.40,5.00,
2000-01-01T01:10:46,-0.00,391,21.00,5.00,274,21.30,5.00,
2000-01-01T01:10:51,-0.00,391,20.90,5.00,273,21.30,5.00,
2000-01-01T01:10:56,-0.00,392,21.10,5.00,272,21.30,5.00,
2000-01-01T01:11:01,-0.00,390,21.00,5.00,274,21.30,5.00,
2000-01-01T01:11:06,-0.00,389,21.00,5.00,277,21.30,5.00,
2000-01-01T01:11:11,-0.00,386,21.00,5.00,281,21.30,5.00,
2000-01-01T01:11:16,-0.00,383,21.00,5.00,285,21.30,5.00,
2000-01-01T01:11:21,-0.00,382,21.00,5.00,286,21.30,5.00,
2000-01-01T01:11:26,-0.00,380,21.10,5.00,283,21.40,5.00,
2000-01-01T01:11:31,-0.00,380,21.00,5.00,279,21.30,5.00,
2000-01-01T01:11:37,-0.00,380,21.00,5.00,277,21.30,5.00,
2000-01-01T01:11:42,-0.00,381,21.30,5.00,274,21.40,5.00,
2000-01-01T01:11:47,-0.00,383,21.10,5.00,275,21.50,5.00,
2000-01-01T01:11:52,-0.00,384,20.90,5.00,276,21.30,5.00,
2000-01-01T01:11:57,-0.00,383,21.00,5.00,279,21.40,5.00,
2000-01-01T01:12:02,-0.00,383,21.10,5.00,282,21.40,5.00,
2000-01-01T01:12:07,-0.00,383,21.40,5.00,283,21.30,5.00,
2000-01-01T01:12:12,-0.00,384,21.00,5.00,283,21.30,5.00,
2000-01-01T01:12:17,-0.00,386,21.30,5.00,280,21.40,5.00,
2000-01-01T01:12:22,-0.00,388,21.10,5.00,278,21.30,5.00,
2000-01-01T01:12:27,-0.00,389,21.10,5.00,278,21.50,5.00,
2000-01-01T01:12:32,-0.00,390,20.90,5.00,279,21.30,5.00,
2000-01-01T01:12:38,-0.00,388,21.00,5.00,281,21.30,5.00,
2000-01-01T01:12:43,-0.00,388,21.00,5.00,281,21.50,5.00,
2000-01-01T01:12:48,-0.00,385,21.10,5.00,280,21.30,5.00,
2000-01-01T01:12:53,-0.00,383,21.20,5.00,277,21.40,5.00,
2000-01-01T01:12:58,-0.00,383,21.00,5.00,274,21.40,5.00,
2000-01-01T01:13:03,-0.00,385,21.10,5.00,272,21.40,5.00,
2000-01-01T01:13:08,-0.00,389,21.20,5.00,270,21.50,5.00,
2000-01-01T01:13:13,-0.00,391,21.00,5.00,270,21.40,5.00,
2000-01-01T01:13:18,-0.00,394,21.20,5.00,270,21.50,5.00,
2000-01-01T01:13:23,-0.00,395,21.10,5.00,270,21.30,5.00,
2000-01-01T01:13:28,-0.00,395,21.30,5.00,273,21.50,5.00,
2000-01-01T01:13:33,-0.00,394,21.20,5.00,275,21.50,5.00,
2000-01-01T01:13:39,-0.00,392,21.20,5.00,278,21.50,5.00,
2000-01-01T01:13:44,-0.00,389,21.20,5.00,280,21.60,5.00,
2000-01-01T01:13:49,-0.00,388,21.30,5.00,281,21.60,5.00,
2000-01-01T01:13:54,-0.00,384,21.30,5.00,283,21.50,5.00,
2000-01-01T01:13:59,-0.00,383,21.30,5.00,285,21.60,5.00,
2000-01-01T01:14:04,-0.00,382,21.30,5.00,285,21.50,5.00,
2000-01-01T01:14:09,-0.00,382,21.30,5.00,287,21.70,5.00,
2000-01-01T01:14:14,-0.00,382,21.30,5.00,287,21.50,5.00,
2000-01-01T01:14:19,-0.00,382,21.30,5.00,287,21.50,5.00,
2000-01-01T01:14:24,-0.00,383,21.30,5.00,288,21.60,5.00,
2000-01-01T01:14:29,-0.00,383,21.30,5.00,291,21.60,5.00,
2000-01-01T01:14:34,-0.00,383,21.30,5.00,292,21.60,5.00,
2000-01-01T01:14:40,-0.00,384,21.20,5.00,295,21.60,5.00,
2000-01-01T01:14:45,-0.00,382,21.20,5.00,297,21.60,5.00,
2000-01-01T01:14:50,-0.00,382,21.30,5.00,298,21.50,5.00,
2000-01-01T01:14:55,-0.00,382,21.10,5.00,300,21.60,5.00,
2000-01-01T01:15:00,-0.00,384,21.20,5.00,304,21.70,5.00,
2000-01-01T01:15:05,-0.00,387,21.30,5.00,306,21.60,5.00,
2000-01-01T01:15:10,-0.00,389,21.30,5.00,308,21.60,5.00,
2000-01-01T01:15:15,-0.00,390,21.30,5.00,309,21.60,5.00,
2000-01-01T01:15:20,-0.00,391,21.30,5.00,310,21.50,5.00,
2000-01-01T01:15:25,-0.00,391,21.30,5.00,312,21.60,5.00,
2000-01-01T01:15:30,-0.00,391,21.20,5.00,316,21.70,5.00,
2000-01-01T01:15:35,-0.00,391,21.20,5.00,323,21.60,5.00,
2000-01-01T01:15:41,-0.00,392,21.30,5.00,327,21.60,5.00,
2000-01-01T01:15:46,-0.00,393,21.30,5.00,332,21.80,5.00,
2000-01-01T01:15:51,-0.00,396,21.40,5.00,335,21.60,5.00,
2000-01-01T01:15:56,-0.00,398,21.30,5.00,336,21.60,5.00,
2000-01-01T01:16:01,-0.00,405,21.20,5.00,336,21.70,5.00,
2000-01-01T01:16:06,-0.00,411,21.30,5.00,336,21.60,5.00,
2000-01-01T01:16:11,-0.00,413,21.40,5.00,336,21.70,5.00,
2000-01-01T01:16:16,-0.00,415,21.20,5.00,336,21.70,5.00,
2000-01-01T01:16:21,-0.00,415,21.30,5.00,338,21.60,5.00,
2000-01-01T01:16:26,-0.00,414,21.30,5.00,340,21.70,5.00,
2000-01-01T01:16:31,-0.00,414,21.30,5.00,342,21.80,5.00,
2000-01-01T01:16:36,-0.00,414,21.30,5.00,348,21.50,5.00,
2000-01-01T01:16:42,-0.00,415,21.30,5.00,352,21.80,5.00,
2000-01-01T01:16:47,-0.00,415,21.30,5.00,353,21.70,5.00,
2000-01-01T01:16:52,-0.00,415,21.30,5.00,354,21.70,5.00,
2000-01-01T01:16:57,-0.00,415,21.20,5.00,355,21.70,5.00,
2000-01-01T01:17:02,-0.00,415,21.40,5.00,355,21.80,5.00,
2000-01-01T01:17:07,-0.00,419,21.40,5.00,356,21.80,5.00,
2000-01-01T01:17:12,-0.00,423,21.30,5.00,357,21.80,5.00,
2000-01-01T01:17:17,-0.00,426,21.50,5.00,356,21.90,5.00,
2000-01-01T01:17:22,-0.00,431,21.40,5.00,354,21.80,5.00,
2000-01-01T01:17:27,-0.00,434,21.30,5.00,352,21.80,5.00,
2000-01-01T01:17:32,-0.00,434,21.50,5.00,351,21.70,5.00,
2000-01-01T01:17:37,-0.00,436,21.30,5.00,350,21.90,5.00,
2000-01-01T01:17:43,-0.00,439,21.40,5.00,353,21.70,5.00,
2000-01-01T01:17:48,-0.00,444,21.40,5.00,355,21.80,5.00,
2000-01-01T01:17:53,-0.00,446,21.40,5.00,356,21.80,5.00,
2000-01-01T01:17:58,-0.00,449,21.40,5.00,359,21.80,5.00,
2000-01-01T01:18:03,-0.00,450,21.40,5.00,363,21.90,5.00,
2000-01-01T01:18:08,-0.00,450,21.40,5.00,365,21.90,5.00,
2000-01-01T01:18:13,-0.00,448,21.40,5.00,369,21.90,5.00,
2000-01-01T01:18:18,-0.00,447,21.50,5.00,370,21.90,5.00,
2000-01-01T01:18:23,-0.00,447,21.40,5.00,370,21.80,5.00,
2000-01-01T01:18:28,-0.00,446,21.60,5.00,368,22.10,5.00,
2000-01-01T01:18:33,-0.00,447,21.50,5.00,365,21.80,5.00,
2000-01-01T01:18:38,-0.00,447,21.40,5.00,364,21.90,5.00,
2000-01-01T01:18:44,-0.00,449,21.50,5.00,361,21.80,5.00,
2000-01-01T01:18:49,-0.00,452,21.30,5.00,360,22.00,5.00,
2000-01-01T01:18:54,-0.00,453,21.30,5.00,360,22.00,5.00,
2000-01-01T01:18:59,-0.00,457,21.50,5.00,359,21.90,5.00,
2000-01-01T01:19:04,-0.00,463,21.30,5.00,362,21.70,5.00,
2000-01-01T01:19:09,-0.00,468,21.50,5.00,364,21.90,5.00,
2000-01-01T01:19:14,-0.00,470,21.40,5.00,368,22.00,5.00,
2000-01-01T01:19:19,-0.00,474,21.40,5.00,373,21.80,5.00,
2000-01-01T01:19:24,-0.00,476,21.40,5.00,377,21.80,5.00,
2000-01-01T01:19:29,-0.00,477,21.50,5.00,380,21.90,5.00,
2000-01-01T01:19:34,-0.00,478,21.40,5.00,384,21.90,5.00,
2000-01-01T01:19:39,-0.00,478,21.50,6.00,388,22.00,5.00,
2000-01-01T01:19:45,-0.00,477,21.40,6.00,390,21.90,5.00,
2000-01-01T01:19:50,-0.00,476,21.30,5.00,391,22.10,5.00,
2000-01-01T01:19:55,-0.00,476,21.50,6.00,389,22.00,5.00,
2000-01-01T01:20:00,-0.00,477,21.30,6.00,387,21.80,5.00,
2000-01-01T01:20:05,-0.00,477,21.50,6.00,385,21.90,5.00,
2000-01-01T01:20:10,-0.00,478,21.50,6.00,387,21.90,5.00,
2000-01-01T01:20:15,-0.00,479,21.40,6.00,390,21.90,5.00,
2000-01-01T01:20:20,-0.00,477,21.30,6.00,395,22.00,5.00,
2000-01-01T01:20:25,-0.00,476,21.60,6.00,399,22.10,5.00,
2000-01-01T01:20:30,-0.00,475,21.40,5.00,400,22.00,5.00,
2000-01-01T01:20:35,-0.00,472,21.60,5.00,397,22.00,5.00,
2000-01-01T01:20:40,-0.00,469,21.60,5.00,392,21.90,5.00,
2000-01-01T01:20:46,-0.00,462,21.70,5.00,386,21.80,5.00,
2000-01-01T01:20:51,-0.00,458,21.50,5.00,383,21.90,5.00,
2000-01-01T01:20:56,-0.00,451,21.40,5.00,377,21.80,5.00,
2000-01-01T01:21:01,-0.00,443,21.40,5.00,368,22.00,5.00,
2000-01-01T01:21:06,-0.00,440,21.40,5.00,363,22.10,5.00,
2000-01-01T01:21:11,-0.00,435,21.50,5.00,352,21.90,5.00,
2000-01-01T01:21:16,-0.00,430,21.50,5.00,341,22.00,5.00,
2000-01-01T01:21:21,-0.00,428,21.50,5.00,336,22.10,5.00,
2000-01-01T01:21:26,-0.00,423,21.60,5.00,331,22.00,5.00,
2000-01-01T01:21:31,-0.00,415,21.40,5.00,327,22.00,5.00,
2000-01-01T01:21:36,-0.00,411,21.60,5.00,326,22.00,5.00,
2000-01-01T01:21:41,-0.00,403,21.50,5.00,319,22.20,5.00,
2000-01-01T01:21:47,-0.00,397,21.60,5.00,311,22.00,5.00,
2000-01-01T01:21:52,-0.00,393,21.60,5.00,307,22.00,5.00,
2000-01-01T01:21:57,-0.00,389,21.60,5.00,301,22.00,5.00,
2000-01-01T01:22:02,-0.00,388,21.50,5.00,298,22.00,5.00,
2000-01-01T01:22:07,-0.00,387,21.60,5.00,297,21.90,5.00,
2000-01-01T01:22:12,-0.00,387,21.50,5.00,296,22.10,5.00,
2000-01-01T01:22:17,-0.00,388,21.40,5.00,295,21.90,5.00,
2000-01-01T01:22:22,-0.00,386,21.60,5.00,291,21.90,5.00,
2000-01-01T01:22:27,-0.00,384,21.30,5.00,289,22.00,5.00,
2000-01-01T01:22:32,-0.00,380,21.50,5.00,284,21.90,5.00,
2000-01-01T01:22:37,-0.00,377,21.40,5.00,280,22.10,5.00,
2000-01-01T01:22:42,-0.00,377,21.60,5.00,279,21.90,5.00,
2000-01-01T01:22:48,-0.00,378,21.40,5.00,279,22.00,5.00,
2000-01-01T01:22:53,-0.00,380,21.60,5.00,280,22.00,5.00,
2000-01-01T01:22:58,-0.00,381,21.60,5.00,280,22.10,5.00,
2000-01-01T01:23:03,-0.00,382,21.60,5.00,280,22.00,5.00,
2000-01-01T01:23:08,-0.00,383,21.60,5.00,280,21.80,5.00,
2000-01-01T01:23:13,-0.00,382,21.40,5.00,280,21.80,5.00,
2000-01-01T01:23:18,-0.00,379,21.40,5.00,279,22.10,5.00,
2000-01-01T01:23:23,-0.00,376,21.60,5.00,278,21.80,5.00,
2000-01-01T01:23:28,-0.00,374,21.50,5.00,273,22.10,5.00,
2000-01-01T01:23:33,-0.00,374,21.50,5.00,272,21.90,5.00,
2000-01-01T01:23:38,-0.00,375,21.60,5.00,270,22.00,5.00,
2000-01-01T01:23:43,-0.00,376,21.50,5.00,269,21.90,5.00,
2000-01-01T01:23:49,-0.00,376,21.70,5.00,270,22.00,5.00,
2000-01-01T01:23:54,-0.00,377,21.40,5.00,273,22.00,5.00,
2000-01-01T01:23:59,-0.00,379,21.50,5.00,273,22.00,5.00,
2000-01-01T01:24:04,-0.00,381,21.60,5.00,273,22.00,5.00,
2000-01-01T01:24:09,-0.00,382,21.60,5.00,271,21.90,5.00,
2000-01-01T01:24:14,-0.00,382,21.60,5.00,269,21.90,5.00,
2000-01-01T01:24:19,-0.00,381,21.60,5.00,269,22.10,5.00,
2000-01-01T01:24:24,-0.00,376,21.60,5.00,269,22.00,5.00,
2000-01-01T01:24:29,-0.00,374,21.80,5.00,268,22.10,5.00,
2000-01-01T01:24:34,-0.00,373,21.60,5.00,269,22.00,5.00,
2000-01-01T01:24:39,-0.00,375,21.60,5.00,270,22.10,5.00,
2000-01-01T01:24:44,-0.00,375,21.60,5.00,273,22.20,5.00,
2000-01-01T01:24:50,-0.00,375,21.50,5.00,274,22.00,5.00,
2000-01-01T01:24:55,-0.00,372,21.60,5.00,276,22.00,5.00,
2000-01-01T01:25:00,-0.00,371,21.60,5.00,279,22.10,5.00,
2000-01-01T01:25:05,-0.00,374,21.50,5.00,279,22.00,5.00,
2000-01-01T01:25:10,-0.00,378,21.60,5.00,278,22.10,5.00,
2000-01-01T01:25:15,-0.00,382,21.50,5.00,279,22.10,5.00,
2000-01-01T01:25:20,-0.00,384,21.60,5.00,281,22.00,5.00,
2000-01-01T01:25:25,-0.00,383,21.60,5.00,283,22.00,5.00,
2000-01-01T01:25:30,-0.00,380,21.50,5.00,287,22.20,5.00,
2000-01-01T01:25:35,-0.00,377,21.60,5.00,288,22.10,5.00,
2000-01-01T01:25:40,-0.00,377,21.80,5.00,287,22.10,5.00,
2000-01-01T01:25:45,-0.00,376,21.70,5.00,285,22.00,5.00,
2000-01-01T01:25:51,-0.00,375,21.50,5.00,281,22.00,5.00,
2000-01-01T01:25:56,-0.00,376,21.60,5.00,280,22.10,5.00,
2000-01-01T01:26:01,-0.00,376,21.60,5.00,280,22.00,5.00,
2000-01-01T01:26:06,-0.00,378,21.60,5.00,282,22.10,5.00,
2000-01-01T01:26:11,-0.00,382,21.50,5.00,285,22.10,5.00,
2000-01-01T01:26:16,-0.00,383,21.70,5.00,285,22.20,5.00,
2000-01-01T01:26:22,-0.00,383,21.50,5.00,286,22.10,5.00,
2000-01-01T01:26:27,-0.00,382,21.60,5.00,286,22.20,5.00,
2000-01-01T01:26:32,-0.00,381,21.60,5.00,285,22.00,5.00,
2000-01-01T01:26:37,-0.00,379,21.70,5.00,282,22.10,5.00,
2000-01-01T01:26:42,-0.00,379,21.70,5.00,280,22.00,5.00,
2000-01-01T01:26:47,-0.00,379,21.60,5.00,280,22.00,5.00,
2000-01-01T01:26:52,-0.00,378,21.60,5.00,278,22.30,5.00,
2000-01-01T01:26:57,-0.00,377,21.60,5.00,278,22.10,5.00,
2000-01-01T01:27:02,-0.00,373,21.70,5.00,279,22.00,5.00,
2000-01-01T01:27:07,-0.00,371,21.60,5.00,280,22.10,5.00,
2000-01-01T01:27:12,-0.00,369,21.60,5.00,281,22.30,5.00,
2000-01-01T01:27:17,-0.00,368,21.80,5.00,280,22.00,5.00,
2000-01-01T01:27:23,-0.00,369,21.50,5.00,280,22.20,5.00,
2000-01-01T01:27:28,-0.00,373,21.60,5.00,278,21.80,5.00,
2000-01-01T01:27:33,-0.00,379,21.50,5.00,276,22.00,5.00,
2000-01-01T01:27:38,-0.00,382,21.70,5.00,275,22.00,5.00,
2000-01-01T01:27:43,-0.00,388,21.60,5.00,276,22.40,5.00,
2000-01-01T01:27:48,-0.00,391,21.70,5.00,277,22.10,5.00,
2000-01-01T01:27:53,-0.00,391,21.70,5.00,278,22.10,5.00,
2000-01-01T01:27:58,-0.00,390,21.60,5.00,278,22.20,5.00,
2000-01-01T01:28:03,-0.00,385,21.60,5.00,277,22.20,5.00,
2000-01-01T01:28:08,-0.00,383,21.70,5.00,278,22.10,5.00,
2000-01-01T01:28:13,-0.00,379,21.60,5.00,278,22.10,5.00,
2000-01-01T01:28:18,-0.00,376,21.70,5.00,278,22.20,5.00,
2000-01-01T01:28:24,-0.00,376,21.70,5.00,278,22.10,5.00,
2000-01-01T01:28:29,-0.00,378,21.50,5.00,280,22.10,5.00,
2000-01-01T01:28:34,-0.00,384,21.60,5.00,281,22.30,5.00,
2000-01-01T01:28:39,-0.00,389,21.60,5.00,283,22.20,5.00,
2000-01-01T01:28:44,-0.00,391,21.70,5.00,284,22.40,5.00,
2000-01-01T01:28:49,-0.00,391,21.40,5.00,285,22.20,5.00,
2000-01-01T01:28:54,-0.00,386,21.70,5.00,285,22.20,5.00,
2000-01-01T01:28:59,-0.00,384,21.60,5.00,285,22.20,5.00,
2000-01-01T01:29:04,-0.00,380,21.60,5.00,284,22.20,5.00,
2000-01-01T01:29:09,-0.00,381,21.70,5.00,284,22.10,5.00,
2000-01-01T01:29:14,-0.00,382,21.70,5.00,285,22.30,5.00,
2000-01-01T01:29:19,-0.00,387,21.70,5.00,287,22.20,5.00,
2000-01-01T01:29:25,-0.00,392,21.70,5.00,287,22.40,5.00,
2000-01-01T01:29:30,-0.00,393,21.70,5.00,287,22.10,5.00,
2000-01-01T01:29:35,-0.00,395,21.80,5.00,285,22.20,5.00,
2000-01-01T01:29:40,-0.00,395,21.70,5.00,281,22.20,5.00,
2000-01-01T01:29:45,-0.00,394,21.70,5.00,281,22.10,5.00,
2000-01-01T01:29:50,-0.00,390,21.70,5.00,279,22.20,5.00,
2000-01-01T01:29:55,-0.00,387,21.70,5.00,279,22.20,5.00,
2000-01-01T01:30:00,-0.00,382,21.60,5.00,279,22.10,5.00,
2000-01-01T01:30:05,-0.00,380,21.60,5.00,279,22.00,5.00,
2000-01-01T01:30:10,-0.00,378,21.60,5.00,280,22.20,5.00,
2000-01-01T01:30:15,-0.00,377,21.60,5.00,285,22.20,5.00,
2000-01-01T01:30:20,-0.00,378,21.70,5.00,288,22.20,5.00,
2000-01-01T01:30:26,-0.00,381,21.70,5.00,294,22.20,5.00,
2000-01-01T01:30:31,-0.00,383,21.60,5.00,297,22.00,5.00,
2000-01-01T01:30:36,-0.00,385,21.70,5.00,297,22.20,5.00,
2000-01-01T01:30:41,-0.00,387,21.80,5.00,293,22.10,5.00,
2000-01-01T01:30:46,-0.00,388,21.60,5.00,287,22.30,5.00,
2000-01-01T01:30:51,-0.00,387,21.70,5.00,285,22.10,5.00,
2000-01-01T01:30:56,-0.00,387,21.70,5.00,282,22.30,5.00,
2000-01-01T01:31:01,-0.00,386,21.80,5.00,280,22.20,5.00,
2000-01-01T01:31:06,-0.00,385,21.70,5.00,279,22.10,5.00,
2000-01-01T01:31:11,-0.00,385,21.70,5.00,277,22.10,5.00,
2000-01-01T01:31:16,-0.00,383,21.70,5.00,277,22.10,5.00,
2000-01-01T01:31:21,-0.00,379,21.70,5.00,280,22.10,5.00,
2000-01-01T01:31:27,-0.00,377,21.60,5.00,282,22.30,5.00,
2000-01-01T01:31:32,-0.00,374,21.70,5.00,286,22.10,5.00,
2000-01-01T01:31:37,-0.00,372,21.70,5.00,288,22.30,5.00,
2000-01-01T01:31:42,-0.00,372,21.50,5.00,287,21.90,5.00,
2000-01-01T01:31:47,-0.00,375,21.70,5.00,285,22.10,5.00,
2000-01-01T01:31:52,-0.00,381,21.70,5.00,283,22.10,5.00,
2000-01-01T01:31:57,-0.00,383,21.60,5.00,282,22.20,5.00,
2000-01-01T01:32:02,-0.00,387,21.70,5.00,282,22.30,5.00,
2000-01-01T01:32:07,-0.00,387,21.70,5.00,281,22.10,5.00,
2000-01-01T01:32:12,-0.00,386,21.70,5.00,280,22.30,5.00,
2000-01-01T01:32:17,-0.00,382,21.60,5.00,280,22.30,5.00,
2000-01-01T01:32:22,-0.00,379,21.70,5.00,281,22.20,5.00,
2000-01-01T01:32:28,-0.00,378,21.70,5.00,280,21.90,5.00,
2000-01-01T01:32:33,-0.00,377,21.70,5.00,280,22.30,5.00,
2000-01-01T01:32:38,-0.00,381,21.70,5.00,279,22.30,5.00,
2000-01-01T01:32:43,-0.00,384,21.70,5.00,278,22.40,5.00,
2000-01-01T01:32:48,-0.00,385,21.70,5.00,276,22.10,5.00,
2000-01-01T01:32:53,-0.00,386,21.60,5.00,273,22.10,5.00,
2000-01-01T01:32:58,-0.00,384,21.80,5.00,272,22.20,5.00,
2000-01-01T01:33:03,-0.00,382,21.60,5.00,273,22.10,5.00,
2000-01-01T01:33:08,-0.00,379,21.70,5.00,275,21.90,5.00,
2000-01-01T01:33:13,-0.00,377,21.70,5.00,278,22.20,5.00,
2000-01-01T01:33:18,-0.00,378,21.60,5.00,280,22.40,5.00,
2000-01-01T01:33:23,-0.00,380,21.80,5.00,283,22.00,5.00,
2000-01-01T01:33:29,-0.00,383,21.70,5.00,285,22.40,5.00,
2000-01-01T01:33:34,-0.00,383,21.70,5.00,286,22.10,5.00,
2000-01-01T01:33:39,-0.00,384,21.70,5.00,284,22.10,5.00,
2000-01-01T01:33:44,-0.00,382,21.60,5.00,282,22.30,5.00,
2000-01-01T01:33:49,-0.00,381,21.70,5.00,281,22.30,5.00,
2000-01-01T01:33:54,-0.00,381,21.60,5.00,280,22.00,5.00,
2000-01-01T01:33:59,-0.00,383,21.70,5.00,282,22.30,5.00,
2000-01-01T01:34:04,-0.00,383,21.70,5.00,282,22.20,5.00,
2000-01-01T01:34:09,-0.00,385,21.70,5.00,282,22.00,5.00,
2000-01-01T01:34:14,-0.00,385,21.60,5.00,279,22.20,5.00,
2000-01-01T01:34:19,-0.00,384,21.70,5.00,276,22.20,5.00,
2000-01-01T01:34:24,-0.00,384,21.70,5.00,275,22.10,5.00,
2000-01-01T01:34:30,-0.00,386,21.70,5.00,275,22.20,5.00,
2000-01-01T01:34:35,-0.00,389,21.70,5.00,275,22.10,5.00,
2000-01-01T01:34:40,-0.00,390,21.80,5.00,277,22.20,5.00,
2000-01-01T01:34:45,-0.00,390,21.70,5.00,279,22.00,5.00,
2000-01-01T01:34:50,-0.00,386,21.70,5.00,282,22.10,5.00,
2000-01-01T01:34:55,-0.00,385,21.60,5.00,284,22.30,5.00,
2000-01-01T01:35:00,-0.00,383,21.70,5.00,286,22.10,5.00,
2000-01-01T01:35:05,-0.00,383,21.50,5.00,283,22.20,5.00,
2000-01-01T01:35:10,-0.00,385,21.70,5.00,281,22.20,5.00,
2000-01-01T01:35:15,-0.00,386,21.70,5.00,277,22.20,5.00,
2000-01-01T01:35:20,-0.00,384,21.70,5.00,277,22.10,5.00,
2000-01-01T01:35:25,-0.00,383,21.60,5.00,279,22.00,5.00,
2000-01-01T01:35:31,-0.00,380,21.70,5.00,287,22.00,5.00,
2000-01-01T01:35:36,-0.00,378,21.70,5.00,295,22.30,5.00,
2000-01-01T01:35:41,-0.00,380,21.60,5.00,304,22.10,5.00,
2000-01-01T01:35:46,-0.00,382,21.70,5.00,306,22.40,5.00,
2000-01-01T01:35:51,-0.00,386,21.70,5.00,312,22.30,5.00,
2000-01-01T01:35:56,-0.00,391,21.70,5.00,318,22.20,5.00,
2000-01-01T01:36:01,-0.00,393,21.70,5.00,322,22.30,5.00,
2000-01-01T01:36:06,-0.00,394,21.70,5.00,328,22.10,5.00,
2000-01-01T01:36:11,-0.00,397,21.70,5.00,334,22.10,5.00,
2000-01-01T01:36:16,-0.00,397,21.70,5.00,335,22.40,5.00,
2000-01-01T01:36:21,-0.00,398,21.70,5.00,335,22.30,5.00,
2000-01-01T01:36:26,-0.00,398,21.50,5.00,331,22.30,5.00,
2000-01-01T01:36:32,-0.00,398,21.70,5.00,330,22.10,5.00,
2000-01-01T01:36:37,-0.00,398,21.70,5.00,326,22.30,5.00,
2000-01-01T01:36:42,-0.00,400,21.70,5.00,324,22.20,5.00,
2000-01-01T01:36:47,-0.00,401,21.80,5.00,325,22.30,5.00,
2000-01-01T01:36:52,-0.00,403,21.70,5.00,326,22.30,5.00,
2000-01-01T01:36:57,-0.00,403,21.60,5.00,327,21.80,5.00,
2000-01-01T01:37:02,-0.00,402,21.70,5.00,326,22.30,5.00,
2000-01-01T01:37:07,-0.00,401,21.70,5.00,325,22.20,5.00,
2000-01-01T01:37:12,-0.00,398,21.70,5.00,321,22.00,5.00,
2000-01-01T01:37:17,-0.00,397,21.70,5.00,317,22.20,5.00,
2000-01-01T01:37:22,-0.00,398,21.70,5.00,316,22.20,5.00,
2000-01-01T01:37:27,-0.00,397,21.80,5.00,313,22.30,5.00,
2000-01-01T01:37:33,-0.00,398,21.70,5.00,312,22.30,5.00,
2000-01-01T01:37:38,-0.00,399,21.80,5.00,311,22.30,5.00,
2000-01-01T01:37:43,-0.00,401,21.70,5.00,311,22.20,5.00,
2000-01-01T01:37:48,-0.00,404,21.70,5.00,311,22.00,5.00,
2000-01-01T01:37:53,-0.00,405,21.70,5.00,311,22.20,5.00,
2000-01-01T01:37:58,-0.00,406,21.70,5.00,310,22.10,5.00,
2000-01-01T01:38:03,-0.00,405,21.50,5.00,306,22.30,5.00,
2000-01-01T01:38:08,-0.00,405,21.70,5.00,304,22.30,5.00,
2000-01-01T01:38:13,-0.00,403,21.60,5.00,299,21.90,5.00,
2000-01-01T01:38:18,-0.00,404,21.70,5.00,296,22.00,5.00,
2000-01-01T01:38:23,-0.00,405,21.70,5.00,295,22.30,5.00,
2000-01-01T01:38:28,-0.00,406,21.70,5.00,295,22.10,5.00,
2000-01-01T01:38:34,-0.00,406,21.70,5.00,295,22.30,5.00,
2000-01-01T01:38:39,-0.00,403,21.70,5.00,294,22.10,5.00,
2000-01-01T01:38:44,-0.00,402,21.70,5.00,294,22.30,5.00,
2000-01-01T01:38:49,-0.00,399,21.60,5.00,295,22.20,5.00,
2000-01-01T01:38:54,-0.00,398,21.70,5.00,295,22.20,5.00,
2000-01-01T01:38:59,-0.00,400,21.70,5.00,296,22.30,5.00,
2000-01-01T01:39:04,-0.00,404,21.70,5.00,296,22.10,5.00,
2000-01-01T01:39:09,-0.00,406,21.70,5.00,295,22.20,5.00,
2000-01-01T01:39:14,-0.00,405,21.70,5.00,295,22.30,5.00,
2000-01-01T01:39:19,-0.00,403,21.80,5.00,295,22.20,5.00,
2000-01-01T01:39:24,-0.00,399,21.70,5.00,295,22.30,5.00,
2000-01-01T01:39:29,-0.00,397,21.80,5.00,295,22.30,5.00,
2000-01-01T01:39:34,-0.00,396,21.70,5.00,296,22.30,5.00,
2000-01-01T01:39:40,-0.00,397,21.70,5.00,297,22.20,5.00,
2000-01-01T01:39:45,-0.00,399,21.80,5.00,299,22.20,5.00,
2000-01-01T01:39:50,-0.00,400,21.70,5.00,303,22.20,5.00,
2000-01-01T01:39:55,-0.00,401,21.70,5.00,306,22.30,5.00,
2000-01-01T01:40:00,-0.00,400,21.70,5.00,306,22.20,5.00,
2000-01-01T01:40:05,-0.00,399,21.70,5.00,304,22.10,5.00,
2000-01-01T01:40:10,-0.00,399,21.80,5.00,302,22.30,5.00,
2000-01-01T01:40:15,-0.00,399,21.70,5.00,302,22.10,5.00,
2000-01-01T01:40:20,-0.00,399,21.70,5.00,302,22.20,5.00,
2000-01-01T01:40:25,-0.00,398,21.70,5.00,302,22.20,5.00,
2000-01-01T01:40:30,-0.00,396,21.60,5.00,300,22.20,5.00,
2000-01-01T01:40:35,-0.00,396,21.70,5.00,299,22.10,5.00,
2000-01-01T01:40:41,-0.00,396,21.70,5.00,299,22.10,5.00,
2000-01-01T01:40:46,-0.00,399,21.70,5.00,300,22.10,5.00,
2000-01-01T01:40:51,-0.00,401,21.70,5.00,302,22.20,5.00,
2000-01-01T01:40:56,-0.00,402,21.50,5.00,304,22.20,5.00,
2000-01-01T01:41:01,-0.00,401,21.70,5.00,303,22.10,5.00,
2000-01-01T01:41:06,-0.00,399,21.70,5.00,300,22.00,5.00,
2000-01-01T01:41:11,-0.00,396,21.70,5.00,296,22.20,5.00,
2000-01-01T01:41:16,-0.00,398,21.80,5.00,294,22.20,5.00,
2000-01-01T01:41:21,-0.00,402,21.70,5.00,295,22.20,5.00,
2000-01-01T01:41:26,-0.00,403,21.70,5.00,296,22.20,5.00,
2000-01-01T01:41:31,-0.00,406,21.70,5.00,300,22.10,5.00,
2000-01-01T01:41:37,-0.00,407,21.60,5.00,301,22.10,5.00,
2000-01-01T01:41:42,-0.00,406,21.70,5.00,301,22.20,5.00,
2000-01-01T01:41:47,-0.00,405,21.70,5.00,301,22.10,5.00,
2000-01-01T01:41:52,-0.00,404,21.70,5.00,300,22.00,5.00,
2000-01-01T01:41:57,-0.00,404,21.70,5.00,301,22.10,5.00,
2000-01-01T01:42:02,-0.00,404,21.70,5.00,303,22.20,5.00,
2000-01-01T01:42:07,-0.00,402,21.70,5.00,305,22.20,5.00,
2000-01-01T01:42:12,-0.00,401,21.60,5.00,305,22.00,5.00,
2000-01-01T01:42:17,-0.00,397,21.70,5.00,304,22.00,5.00,
2000-01-01T01:42:22,-0.00,394,21.80,5.00,300,22.00,5.00,
2000-01-01T01:42:27,-0.00,393,21.60,5.00,298,22.10,5.00,
2000-01-01T01:42:32,-0.00,393,21.70,5.00,293,22.30,5.00,
2000-01-01T01:42:37,-0.00,393,21.60,5.00,290,22.10,5.00,
2000-01-01T01:42:43,-0.00,392,21.70,5.00,291,22.00,5.00,
2000-01-01T01:42:48,-0.00,390,21.60,5.00,293,22.30,5.00,
2000-01-01T01:42:53,-0.00,387,21.60,5.00,297,22.10,5.00,
2000-01-01T01:42:58,-0.00,387,21.60,5.00,300,22.30,5.00,
2000-01-01T01:43:03,-0.00,387,21.60,5.00,300,22.20,5.00,
2000-01-01T01:43:08,-0.00,389,21.70,5.00,297,22.00,5.00,
2000-01-01T01:43:13,-0.00,391,21.70,5.00,293,22.20,5.00,
2000-01-01T01:43:18,-0.00,393,21.70,5.00,291,22.20,5.00,
2000-01-01T01:43:23,-0.00,395,21.70,5.00,289,22.20,5.00,
2000-01-01T01:43:28,-0.00,396,21.60,5.00,287,22.10,5.00,
2000-01-01T01:43:33,-0.00,394,21.60,5.00,287,22.20,5.00,
2000-01-01T01:43:38,-0.00,392,21.70,5.00,288,22.10,5.00,
2000-01-01T01:43:44,-0.00,389,21.80,5.00,291,22.30,5.00,
2000-01-01T01:43:49,-0.00,389,21.70,5.00,292,22.20,5.00,
2000-01-01T01:43:54,-0.00,391,21.60,5.00,296,22.20,5.00,
2000-01-01T01:43:59,-0.00,397,21.80,5.00,299,22.10,5.00,
2000-01-01T01:44:04,-0.00,399,21.80,5.00,300,22.20,5.00,
2000-01-01T01:44:09,-0.00,401,21.70,5.00,302,22.10,5.00,
2000-01-01T01:44:14,-0.00,400,21.70,5.00,303,22.20,5.00,
2000-01-01T01:44:19,-0.00,399,21.80,5.00,304,22.30,5.00,
2000-01-01T01:44:24,-0.00,397,21.80,5.00,305,22.30,5.00,
2000-01-01T01:44:29,-0.00,397,21.70,5.00,307,22.10,5.00,
2000-01-01T01:44:34,-0.00,397,21.80,5.00,311,22.20,5.00,
2000-01-01T01:44:39,-0.00,397,21.70,5.00,312,22.20,5.00,
2000-01-01T01:44:45,-0.00,399,21.70,5.00,316,22.20,5.00,
2000-01-01T01:44:50,-0.00,403,21.70,5.00,320,22.10,5.00,
2000-01-01T01:44:55,-0.00,405,21.70,5.00,323,22.00,5.00,
2000-01-01T01:45:00,-0.00,409,21.80,5.00,328,22.30,5.00,
2000-01-01T01:45:05,-0.00,410,21.70,5.00,334,22.30,5.00,
2000-01-01T01:45:10,-0.00,411,21.70,5.00,337,22.30,5.00,
2000-01-01T01:45:15,-0.00,411,21.70,5.00,341,22.30,5.00,
2000-01-01T01:45:20,-0.00,413,21.80,5.00,341,22.20,5.00,
2000-01-01T01:45:25,-0.00,415,21.70,5.00,341,21.90,5.00,
2000-01-01T01:45:30,-0.00,419,21.70,5.00,338,21.90,5.00,
2000-01-01T01:45:35,-0.00,421,21.70,5.00,334,22.30,5.00,
2000-01-01T01:45:40,-0.00,422,21.70,5.00,331,22.20,5.00,
2000-01-01T01:45:46,-0.00,423,21.70,5.00,329,22.00,5.00,
2000-01-01T01:45:51,-0.00,421,21.80,5.00,325,22.30,5.00,
2000-01-01T01:45:56,-0.00,420,21.80,5.00,323,22.20,5.00,
2000-01-01T01:46:01,-0.00,420,21.70,5.00,323,22.30,5.00,
2000-01-01T01:46:06,-0.00,421,21.60,5.00,323,22.30,5.00,
2000-01-01T01:46:11,-0.00,422,21.70,5.00,325,22.30,5.00,
2000-01-01T01:46:16,-0.00,424,21.70,5.00,326,22.10,5.00,
2000-01-01T01:46:21,-0.00,425,21.80,5.00,327,22.30,5.00,
2000-01-01T01:46:26,-0.00,424,21.80,5.00,326,22.00,5.00,
2000-01-01T01:46:31,-0.00,422,21.80,5.00,325,22.20,5.00,
2000-01-01T01:46:36,-0.00,420,21.70,5.00,321,21.90,5.00,
2000-01-01T01:46:41,-0.00,419,21.80,5.00,319,22.30,5.00,
2000-01-01T01:46:47,-0.00,420,21.70,5.00,317,22.00,5.00,
2000-01-01T01:46:52,-0.00,425,21.70,5.00,316,22.00,5.00,
2000-01-01T01:46:57,-0.00,431,21.70,5.00,316,22.20,5.00,
2000-01-01T01:47:02,-0.00,433,21.70,5.00,317,22.20,5.00,
2000-01-01T01:47:07,-0.00,434,21.70,5.00,319,22.30,5.00,
2000-01-01T01:47:12,-0.00,433,21.80,5.00,322,22.30,5.00,
2000-01-01T01:47:17,-0.00,430,21.80,5.00,324,22.10,5.00,
2000-01-01T01:47:22,-0.00,429,21.70,5.00,326,22.30,5.00,
2000-01-01T01:47:27,-0.00,428,21.80,5.00,326,22.00,5.00,
2000-01-01T01:47:32,-0.00,429,21.90,5.00,326,22.20,5.00,
2000-01-01T01:47:37,-0.00,429,21.80,5.00,325,22.00,5.00,
2000-01-01T01:47:42,-0.00,428,21.60,5.00,324,22.20,5.00,
2000-01-01T01:47:48,-0.00,426,21.70,5.00,324,22.20,5.00,
2000-01-01T01:47:53,-0.00,425,21.80,5.00,324,22.30,5.00,
2000-01-01T01:47:58,-0.00,423,21.80,5.00,324,22.30,5.00,
2000-01-01T01:48:03,-0.00,424,21.80,5.00,325,22.20,5.00,
2000-01-01T01:48:08,-0.00,424,21.70,5.00,326,22.20,5.00,
2000-01-01T01:48:13,-0.00,424,21.60,5.00,324,22.30,5.00,
2000-01-01T01:48:18,-0.00,422,21.80,5.00,322,22.10,5.00,
2000-01-01T01:48:23,-0.00,419,21.60,5.00,321,22.20,5.00,
2000-01-01T01:48:28,-0.00,417,21.60,5.00,321,22.20,5.00,
2000-01-01T01:48:33,-0.00,417,21.70,5.00,323,22.20,5.00,
2000-01-01T01:48:38,-0.00,418,21.80,5.00,323,22.30,5.00,
2000-01-01T01:48:43,-0.00,419,21.60,5.00,323,22.20,5.00,
2000-01-01T01:48:49,-0.00,423,21.80,5.00,322,22.30,5.00,
2000-01-01T01:48:54,-0.00,427,21.80,5.00,320,22.00,5.00,
2000-01-01T01:48:59,-0.00,427,21.80,5.00,320,22.00,5.00,
2000-01-01T01:49:04,-0.00,428,21.90,5.00,319,22.30,5.00,
2000-01-01T01:49:09,-0.00,428,21.80,5.00,318,22.30,5.00,
2000-01-01T01:49:14,-0.00,427,21.70,5.00,317,22.30,5.00,
2000-01-01T01:49:19,-0.00,428,21.60,5.00,315,22.20,5.00,
2000-01-01T01:49:24,-0.00,428,21.70,5.00,314,22.30,5.00,
2000-01-01T01:49:29,-0.00,428,21.90,5.00,314,22.30,5.00,
2000-01-01T01:49:34,-0.00,425,22.00,5.00,315,22.20,5.00,
2000-01-01T01:49:39,-0.00,420,21.80,5.00,317,22.30,5.00,
2000-01-01T01:49:44,-0.00,418,21.60,5.00,319,22.20,5.00,
2000-01-01T01:49:50,-0.00,414,21.90,5.00,322,22.10,5.00,
2000-01-01T01:49:55,-0.00,414,21.70,5.00,326,22.10,5.00,
2000-01-01T01:50:00,-0.00,416,21.50,5.00,329,22.30,5.00,
2000-01-01T01:50:05,-0.00,417,21.70,5.00,331,22.20,5.00,
2000-01-01T01:50:10,-0.00,420,21.80,5.00,332,22.30,5.00,
2000-01-01T01:50:15,-0.00,422,21.60,5.00,332,22.30,5.00,
2000-01-01T01:50:21,-0.00,421,21.70,5.00,332,22.20,5.00,
2000-01-01T01:50:26,-0.00,421,21.80,5.00,332,22.20,5.00,
2000-01-01T01:50:31,-0.00,421,21.70,5.00,331,22.20,5.00,
2000-01-01T01:50:36,-0.00,422,21.80,5.00,330,22.20,5.00,
2000-01-01T01:50:41,-0.00,422,21.80,5.00,330,22.30,5.00,
2000-01-01T01:50:46,-0.00,425,21.70,5.00,330,22.10,5.00,
2000-01-01T01:50:51,-0.00,426,21.60,5.00,331,22.20,5.00,
2000-01-01T01:50:56,-0.00,426,21.80,5.00,331,22.30,5.00,
2000-01-01T01:51:01,-0.00,425,21.80,5.00,331,22.20,5.00,
2000-01-01T01:51:06,-0.00,424,21.70,5.00,328,22.10,5.00,
2000-01-01T01:51:11,-0.00,424,21.70,5.00,327,22.00,5.00,
2000-01-01T01:51:17,-0.00,424,21.80,5.00,326,22.10,5.00,
2000-01-01T01:51:22,-0.00,428,21.80,5.00,327,22.20,5.00,
2000-01-01T01:51:27,-0.00,430,21.70,5.00,328,22.20,5.00,
2000-01-01T01:51:32,-0.00,431,21.70,5.00,332,22.20,5.00,
2000-01-01T01:51:37,-0.00,430,21.70,5.00,334,22.30,5.00,
2000-01-01T01:51:42,-0.00,429,21.70,5.00,335,22.20,5.00,
2000-01-01T01:51:47,-0.00,426,21.70,5.00,335,22.20,5.00,
2000-01-01T01:51:52,-0.00,426,21.70,5.00,332,22.00,5.00,
2000-01-01T01:51:57,-0.00,428,21.70,5.00,330,22.00,5.00,
2000-01-01T01:52:02,-0.00,430,21.90,5.00,328,22.10,5.00,
2000-01-01T01:52:07,-0.00,431,21.70,5.00,326,22.30,5.00,
2000-01-01T01:52:12,-0.00,428,21.80,5.00,326,22.20,5.00,
2000-01-01T01:52:18,-0.00,427,21.80,5.00,326,22.30,5.00,
2000-01-01T01:52:23,-0.00,427,21.70,5.00,327,22.20,5.00,
2000-01-01T01:52:28,-0.00,428,21.70,5.00,328,22.30,5.00,
2000-01-01T01:52:33,-0.00,429,21.70,5.00,329,22.20,5.00,
2000-01-01T01:52:38,-0.00,430,21.70,5.00,329,22.20,5.00,
2000-01-01T01:52:43,-0.00,429,21.80,5.00,327,22.00,5.00,
2000-01-01T01:52:48,-0.00,428,21.80,5.00,325,22.30,5.00,
2000-01-01T01:52:53,-0.00,427,21.70,5.00,323,22.10,5.00,
2000-01-01T01:52:58,-0.00,427,21.90,5.00,323,22.40,5.00,
2000-01-01T01:53:03,-0.00,428,21.70,5.00,324,22.00,5.00,
2000-01-01T01:53:08,-0.00,430,21.80,5.00,328,22.20,5.00,
2000-01-01T01:53:13,-0.00,432,21.70,5.00,334,22.20,5.00,
2000-01-01T01:53:19,-0.00,432,21.80,5.00,335,22.30,5.00,
2000-01-01T01:53:24,-0.00,432,21.80,5.00,340,22.30,5.00,
2000-01-01T01:53:29,-0.00,433,21.70,5.00,342,22.20,5.00,
2000-01-01T01:53:34,-0.00,432,21.70,5.00,343,22.30,5.00,
2000-01-01T01:53:39,-0.00,432,21.70,5.00,343,22.30,5.00,
2000-01-01T01:53:44,-0.00,429,21.70,5.00,343,22.30,5.00,
2000-01-01T01:53:49,-0.00,425,21.80,5.00,344,22.20,5.00,
2000-01-01T01:53:54,-0.00,424,21.80,5.00,344,22.30,5.00,
2000-01-01T01:53:59,-0.00,424,21.80,5.00,344,22.30,5.00,
2000-01-01T01:54:04,-0.00,427,21.80,5.00,347,22.10,5.00,
2000-01-01T01:54:09,-0.00,431,21.80,5.00,349,22.30,5.00,
2000-01-01T01:54:14,-0.00,440,21.80,5.00,353,22.10,5.00,
2000-01-01T01:54:20,-0.00,445,21.70,5.00,359,22.20,5.00,
2000-01-01T01:54:25,-0.00,447,21.70,5.00,360,22.20,5.00,
2000-01-01T01:54:30,-0.00,450,21.70,5.00,361,22.30,5.00,
2000-01-01T01:54:35,-0.00,450,21.70,5.00,360,22.20,5.00,
2000-01-01T01:54:40,-0.00,453,21.70,5.00,358,22.20,5.00,
2000-01-01T01:54:45,-0.00,456,21.70,5.00,358,22.00,5.00,
2000-01-01T01:54:50,-0.00,460,21.60,5.00,362,22.30,5.00,
2000-01-01T01:54:55,-0.00,460,21.70,5.00,364,22.00,5.00,
2000-01-01T01:55:00,-0.00,460,21.80,5.00,364,22.00,5.00,
2000-01-01T01:55:05,-0.00,457,21.70,5.00,362,22.30,5.00,
2000-01-01T01:55:10,-0.00,456,21.60,5.00,360,22.30,5.00,
2000-01-01T01:55:15,-0.00,457,21.70,5.00,358,22.30,5.00,
2000-01-01T01:55:21,-0.00,462,21.70,5.00,355,22.20,5.00,
2000-01-01T01:55:26,-0.00,467,21.70,5.00,353,22.10,5.00,
2000-01-01T01:55:31,-0.00,468,21.80,5.00,353,22.00,5.00,
2000-01-01T01:55:36,-0.00,470,21.70,5.00,351,22.20,5.00,
2000-01-01T01:55:41,-0.00,467,21.70,5.00,352,22.00,5.00,
2000-01-01T01:55:46,-0.00,466,21.80,5.00,353,22.20,5.00,
2000-01-01T01:55:51,-0.00,462,21.80,5.00,356,22.30,5.00,
2000-01-01T01:55:56,-0.00,458,21.80,5.00,359,22.20,5.00,
2000-01-01T01:56:01,-0.00,456,21.80,5.00,360,22.00,5.00,
2000-01-01T01:56:06,-0.00,453,21.80,5.00,359,22.20,5.00,
2000-01-01T01:56:11,-0.00,453,21.70,5.00,359,22.20,5.00,
2000-01-01T01:56:17,-0.00,456,21.70,5.00,360,22.30,5.00,
2000-01-01T01:56:22,-0.00,457,21.80,5.00,361,22.20,5.00,
2000-01-01T01:56:27,-0.00,460,21.80,5.00,363,22.20,5.00,
2000-01-01T01:56:32,-0.00,462,21.70,5.00,365,21.90,5.00,
2000-01-01T01:56:37,-0.00,464,21.70,5.00,366,22.30,5.00,
2000-01-01T01:56:42,-0.00,466,21.80,5.00,367,22.20,5.00,
2000-01-01T01:56:47,-0.00,467,21.80,5.00,367,22.20,5.00,
2000-01-01T01:56:52,-0.00,468,21.50,5.00,366,21.90,5.00,
2000-01-01T01:56:57,-0.00,468,21.70,5.00,363,22.20,5.00,
2000-01-01T01:57:02,-0.00,465,21.80,5.00,362,22.20,5.00,
2000-01-01T01:57:07,-0.00,464,21.80,5.00,361,22.30,5.00,
2000-01-01T01:57:12,-0.00,462,21.70,5.00,364,22.30,5.00,
2000-01-01T01:57:18,-0.00,463,21.70,5.00,369,22.20,5.00,
2000-01-01T01:57:23,-0.00,465,21.70,5.00,370,22.20,5.00,
2000-01-01T01:57:28,-0.00,469,21.70,5.00,371,22.20,5.00,
2000-01-01T01:57:33,-0.00,472,21.90,5.00,367,22.20,5.00,
2000-01-01T01:57:38,-0.00,473,21.70,5.00,361,22.20,5.00,
2000-01-01T01:57:43,-0.00,472,21.80,5.00,358,22.20,5.00,
2000-01-01T01:57:48,-0.00,469,21.60,5.00,357,21.90,5.00,
2000-01-01T01:57:53,-0.00,466,21.60,5.00,358,22.00,5.00,
2000-01-01T01:57:58,-0.00,466,21.80,5.00,360,22.20,5.00,
2000-01-01T01:58:03,-0.00,466,21.80,5.00,363,22.10,5.00,
2000-01-01T01:58:08,-0.00,469,21.70,5.00,366,22.00,5.00,
2000-01-01T01:58:13,-0.00,470,21.70,5.00,366,22.20,5.00,
2000-01-01T01:58:19,-0.00,471,21.60,5.00,367,22.00,5.00,
2000-01-01T01:58:24,-0.00,471,21.80,5.00,364,22.10,5.00,
2000-01-01T01:58:29,-0.00,470,21.60,5.00,364,22.20,5.00,
2000-01-01T01:58:34,-0.00,469,21.70,5.00,361,22.30,5.00,
2000-01-01T01:58:39,-0.00,469,21.70,5.00,360,22.20,5.00,
2000-01-01T01:58:44,-0.00,469,21.80,5.00,361,22.00,5.00,
2000-01-01T01:58:49,-0.00,469,21.70,5.00,364,22.20,5.00,
2000-01-01T01:58:54,-0.00,468,21.70,5.00,368,22.00,5.00,
2000-01-01T01:58:59,-0.00,466,21.70,5.00,370,22.30,5.00,
2000-01-01T01:59:04,-0.00,465,21.80,5.00,370,22.00,5.00,
2000-01-01T01:59:09,-0.00,463,21.80,5.00,366,22.20,5.00,
2000-01-01T01:59:15,-0.00,462,21.70,5.00,361,22.30,5.00,
2000-01-01T01:59:20,-0.00,463,21.60,5.00,360,22.10,5.00,
2000-01-01T01:59:25,-0.00,465,21.70,5.00,358,21.90,5.00,
2000-01-01T01:59:30,-0.00,470,21.80,5.00,356,22.20,5.00,
2000-01-01T01:59:35,-0.00,472,21.80,5.00,356,22.30,5.00,
2000-01-01T01:59:40,-0.00,476,21.70,5.00,355,22.10,5.00,
2000-01-01T01:59:45,-0.00,477,21.80,5.00,355,22.00,5.00,
2000-01-01T01:59:50,-0.00,476,21.70,5.00,356,22.20,5.00,
2000-01-01T01:59:55,-0.00,471,21.60,5.00,359,22.30,5.00,
2000-01-01T02:00:00,-0.00,466,21.80,5.00,360,22.00,5.00,
2000-01-01T02:00:05,-0.00,463,21.70,5.00,360,22.00,5.00,
2000-01-01T02:00:10,-0.00,459,21.80,5.00,360,22.10,5.00,
2000-01-01T02:00:16,-0.00,460,21.70,5.00,359,22.10,5.00,
2000-01-01T02:00:21,-0.00,464,21.80,5.00,359,22.00,5.00,
2000-01-01T02:00:26,-0.00,466,21.70,5.00,360,22.30,5.00,
2000-01-01T02:00:31,-0.00,472,21.70,5.00,360,22.20,5.00,
2000-01-01T02:00:36,-0.00,473,21.70,5.00,359,22.00,5.00,
2000-01-01T02:00:41,-0.00,473,21.70,5.00,360,22.20,5.00,
2000-01-01T02:00:46,-0.00,473,21.70,5.00,360,22.30,5.00,
2000-01-01T02:00:51,-0.00,471,21.90,5.00,363,22.10,5.00,
2000-01-01T02:00:56,-0.00,471,21.80,5.00,364,22.10,5.00,
2000-01-01T02:01:01,-0.00,470,21.70,5.00,367,22.20,5.00,
2000-01-01T02:01:06,-0.00,469,21.80,5.00,370,22.20,5.00,
2000-01-01T02:01:11,-0.00,468,21.80,5.00,371,22.20,5.00,
2000-01-01T02:01:17,-0.00,466,21.70,5.00,372,22.30,5.00,
2000-01-01T02:01:22,-0.00,464,21.70,5.00,370,22.30,5.00,
2000-01-01T02:01:27,-0.00,463,21.80,5.00,368,22.00,5.00,
2000-01-01T02:01:32,-0.00,462,21.70,5.00,366,22.10,5.00,
2000-01-01T02:01:37,-0.00,464,21.80,5.00,365,22.10,5.00,
2000-01-01T02:01:42,-0.00,467,21.70,5.00,366,22.10,5.00,
2000-01-01T02:01:47,-0.00,469,21.70,5.00,368,22.00,5.00,
2000-01-01T02:01:52,-0.00,472,21.70,5.00,369,22.20,5.00,
2000-01-01T02:01:57,-0.00,472,21.70,5.00,370,22.30,5.00,
2000-01-01T02:02:02,-0.00,471,21.80,5.00,369,22.30,5.00,
2000-01-01T02:02:07,-0.00,468,21.80,5.00,365,22.10,5.00,
2000-01-01T02:02:13,-0.00,462,21.70,5.00,364,22.10,5.00,
2000-01-01T02:02:18,-0.00,460,21.80,5.00,362,22.00,5.00,
2000-01-01T02:02:23,-0.00,456,21.70,5.00,361,22.30,5.00,
2000-01-01T02:02:28,-0.00,455,21.80,5.00,362,22.20,5.00,
2000-01-01T02:02:33,-0.00,456,21.70,5.00,362,22.10,5.00,
2000-01-01T02:02:38,-0.00,459,21.80,5.00,364,22.00,5.00,
2000-01-01T02:02:43,-0.00,460,21.90,5.00,367,22.00,5.00,
2000-01-01T02:02:48,-0.00,460,21.80,5.00,367,22.20,5.00,
2000-01-01T02:02:53,-0.00,460,21.80,5.00,369,22.00,5.00,
2000-01-01T02:02:58,-0.00,460,21.70,5.00,368,22.00,5.00,
2000-01-01T02:03:03,-0.00,462,21.80,5.00,364,22.10,5.00,
2000-01-01T02:03:08,-0.00,464,21.80,5.00,362,22.20,5.00,
2000-01-01T02:03:14,-0.00,469,21.70,5.00,359,22.30,5.00,
2000-01-01T02:03:19,-0.00,474,21.70,5.00,359,22.10,5.00,
2000-01-01T02:03:24,-0.00,475,21.70,5.00,361,22.20,5.00,
2000-01-01T02:03:29,-0.00,478,21.80,5.00,364,22.20,5.00,
2000-01-01T02:03:34,-0.00,482,22.00,5.00,369,22.00,5.00,
2000-01-01T02:03:39,-0.00,485,21.70,5.00,371,22.10,5.00,
2000-01-01T02:03:44,-0.00,490,21.80,5.00,372,22.10,5.00,
2000-01-01T02:03:49,-0.00,496,21.70,5.00,372,22.30,5.00,
2000-01-01T02:03:54,-0.00,498,21.80,5.00,372,22.10,5.00,
2000-01-01T02:03:59,-0.00,499,21.80,5.00,372,22.20,5.00,
2000-01-01T02:04:04,-0.00,499,21.90,5.00,375,22.30,5.00,
2000-01-01T02:04:09,-0.00,500,21.60,5.00,377,22.30,5.00,
2000-01-01T02:04:15,-0.00,500,21.90,5.00,381,22.30,5.00,
2000-01-01T02:04:20,-0.00,502,21.70,5.00,387,22.20,5.00,
2000-01-01T02:04:25,-0.00,503,21.70,5.00,389,22.30,5.00,
2000-01-01T02:04:30,-0.00,503,21.80,5.00,390,22.20,5.00,
2000-01-01T02:04:35,-0.00,503,21.80,5.00,392,22.30,5.00,
2000-01-01T02:04:40,-0.00,501,21.70,5.00,391,22.30,5.00,
2000-01-01T02:04:45,-0.00,500,21.90,5.00,390,22.30,5.00,
2000-01-01T02:04:50,-0.00,502,21.80,5.00,389,22.10,5.00,
2000-01-01T02:04:55,-0.00,505,21.80,5.00,386,22.30,5.00,
2000-01-01T02:05:00,-0.00,507,21.80,5.00,385,22.30,5.00,
2000-01-01T02:05:05,-0.00,512,21.90,5.00,385,22.30,5.00,
2000-01-01T02:05:10,-0.00,512,21.70,5.00,384,22.30,5.00,
2000-01-01T02:05:16,-0.00,510,21.90,5.00,384,22.50,5.00,
2000-01-01T02:05:21,-0.00,505,21.70,5.00,383,22.30,5.00,
2000-01-01T02:05:26,-0.00,500,21.90,5.00,382,22.30,5.00,
2000-01-01T02:05:31,-0.00,501,21.80,5.00,383,22.50,5.00,
2000-01-01T02:05:36,-0.00,505,21.70,5.00,385,22.20,5.00,
2000-01-01T02:05:41,-0.00,511,21.90,5.00,391,22.30,5.00,
2000-01-01T02:05:46,-0.00,514,21.80,5.00,395,22.40,5.00,
2000-01-01T02:05:51,-0.00,514,21.70,5.00,396,22.50,5.00,
2000-01-01T02:05:56,-0.00,511,21.60,5.00,395,22.50,5.00,
2000-01-01T02:06:01,-0.00,507,21.90,5.00,394,22.30,5.00,
2000-01-01T02:06:06,-0.00,506,21.80,5.00,394,22.30,5.00,
2000-01-01T02:06:12,-0.00,506,21.70,5.00,396,22.10,5.00,
2000-01-01T02:06:17,-0.00,508,21.90,5.00,397,22.30,5.00,
2000-01-01T02:06:22,-0.00,508,21.80,5.00,398,22.50,5.00,
2000-01-01T02:06:27,-0.00,508,21.80,5.00,399,22.30,5.00,
2000-01-01T02:06:32,-0.00,506,21.80,5.00,399,22.20,5.00,
2000-01-01T02:06:37,-0.00,505,21.80,5.00,399,22.50,5.00,
2000-01-01T02:06:42,-0.00,507,21.80,5.00,399,22.30,5.00,
2000-01-01T02:06:47,-0.00,512,21.80,5.00,400,22.40,5.00,
2000-01-01T02:06:52,-0.00,516,21.80,5.00,401,22.40,5.00,
2000-01-01T02:06:57,-0.00,521,21.80,5.00,401,22.20,5.00,
2000-01-01T02:07:02,-0.00,522,21.70,5.00,398,22.20,5.00,
2000-01-01T02:07:07,-0.00,521,21.80,5.00,393,22.30,5.00,
2000-01-01T02:07:13,-0.00,520,21.90,5.00,390,22.40,5.00,
2000-01-01T02:07:18,-0.00,518,21.80,5.00,388,22.30,5.00,
2000-01-01T02:07:23,-0.00,518,21.80,5.00,390,22.40,5.00,
2000-01-01T02:07:28,-0.00,518,21.80,5.00,393,22.40,5.00,
2000-01-01T02:07:33,-0.00,516,21.80,5.00,399,22.40,5.00,
2000-01-01T02:07:38,-0.00,515,21.80,5.00,401,22.30,5.00,
2000-01-01T02:07:43,-0.00,514,21.90,5.00,401,22.50,5.00,
2000-01-01T02:07:48,-0.00,513,21.70,5.00,401,22.40,5.00,
2000-01-01T02:07:53,-0.00,512,21.90,5.00,401,22.30,5.00,
2000-01-01T02:07:58,-0.00,512,22.00,5.00,400,22.50,5.00,
2000-01-01T02:08:03,-0.00,513,21.90,5.00,399,22.40,5.00,
2000-01-01T02:08:08,-0.00,514,21.80,5.00,398,22.50,5.00,
2000-01-01T02:08:14,-0.00,514,22.00,5.00,397,22.40,5.00,
2000-01-01T02:08:19,-0.00,513,21.90,5.00,395,22.40,5.00,
2000-01-01T02:08:24,-0.00,511,21.90,5.00,394,22.30,5.00,
2000-01-01T02:08:29,-0.00,511,21.80,5.00,394,22.40,5.00,
2000-01-01T02:08:34,-0.00,512,21.80,5.00,394,22.40,5.00,
2000-01-01T02:08:39,-0.00,515,21.70,5.00,395,22.40,5.00,
2000-01-01T02:08:44,-0.00,519,21.80,5.00,397,22.40,5.00,
2000-01-01T02:08:49,-0.00,521,21.90,5.00,399,22.40,5.00,
2000-01-01T02:08:54,-0.00,524,21.90,5.00,403,22.40,5.00,
2000-01-01T02:08:59,-0.00,522,21.80,5.00,406,22.50,5.00,
2000-01-01T02:09:04,-0.00,521,21.80,5.00,407,22.40,5.00,
2000-01-01T02:09:09,-0.00,518,21.90,5.00,408,22.40,5.00,
2000-01-01T02:09:15,-0.00,515,21.80,5.00,408,22.30,5.00,
2000-01-01T02:09:20,-0.00,514,21.80,5.00,407,22.30,5.00,
2000-01-01T02:09:25,-0.00,514,21.80,5.00,404,22.50,5.00,
2000-01-01T02:09:30,-0.00,512,21.70,5.00,403,22.20,5.00,
2000-01-01T02:09:35,-0.00,511,21.70,5.00,402,22.40,5.00,
2000-01-01T02:09:40,-0.00,510,21.70,5.00,402,22.40,5.00,
2000-01-01T02:09:45,-0.00,508,21.90,5.00,404,22.50,5.00,
2000-01-01T02:09:50,-0.00,509,22.10,5.00,405,22.50,5.00,
2000-01-01T02:09:55,-0.00,509,21.80,5.00,408,22.50,5.00,
2000-01-01T02:10:00,-0.00,507,21.70,5.00,412,22.50,5.00,
2000-01-01T02:10:05,-0.00,505,21.80,5.00,414,22.40,5.00,
2000-01-01T02:10:11,-0.00,504,21.80,5.00,414,22.40,5.00,
2000-01-01T02:10:16,-0.00,505,21.90,5.00,411,22.40,5.00,
2000-01-01T02:10:21,-0.00,509,21.60,5.00,407,22.40,5.00,
2000-01-01T02:10:26,-0.00,512,22.00,5.00,405,22.50,5.00,
2000-01-01T02:10:31,-0.00,515,21.80,5.00,401,22.30,5.00,
2000-01-01T02:10:36,-0.00,517,21.80,5.00,400,22.30,5.00,
2000-01-01T02:10:41,-0.00,515,21.80,5.00,400,22.50,5.00,
2000-01-01T02:10:46,-0.00,511,22.00,5.00,400,22.30,5.00,
2000-01-01T02:10:51,-0.00,508,21.80,5.00,400,22.40,5.00,
2000-01-01T02:10:56,-0.00,508,21.90,5.00,401,22.40,5.00,
2000-01-01T02:11:01,-0.00,510,21.90,5.00,400,22.60,5.00,
2000-01-01T02:11:06,-0.00,513,21.80,5.00,400,22.30,5.00,
2000-01-01T02:11:12,-0.00,515,21.90,5.00,402,22.60,5.00,
2000-01-01T02:11:17,-0.00,516,22.00,5.00,405,22.40,5.00,
2000-01-01T02:11:22,-0.00,516,21.80,5.00,408,22.50,5.00,
2000-01-01T02:11:27,-0.00,517,21.80,5.00,410,22.30,5.00,
2000-01-01T02:11:32,-0.00,518,21.80,5.00,410,22.40,5.00,
2000-01-01T02:11:37,-0.00,519,22.00,5.00,410,22.50,5.00,
2000-01-01T02:11:42,-0.00,521,22.00,5.00,411,22.50,5.00,
2000-01-01T02:11:47,-0.00,521,21.80,5.00,411,22.40,5.00,
2000-01-01T02:11:52,-0.00,519,21.90,5.00,408,22.40,5.00,
2000-01-01T02:11:57,-0.00,518,21.80,5.00,403,22.50,5.00,
2000-01-01T02:12:02,-0.00,517,21.90,5.00,399,22.30,5.00,
2000-01-01T02:12:07,-0.00,515,21.90,5.00,393,22.60,5.00,
2000-01-01T02:12:13,-0.00,516,21.90,5.00,393,22.40,5.00,
2000-01-01T02:12:18,-0.00,517,21.80,5.00,392,22.40,5.00,
2000-01-01T02:12:23,-0.00,519,22.00,5.00,394,22.50,5.00,
2000-01-01T02:12:28,-0.00,519,21.70,5.00,397,22.30,5.00,
2000-01-01T02:12:33,-0.00,517,21.80,5.00,398,22.40,5.00,
2000-01-01T02:12:38,-0.00,516,21.70,5.00,401,22.50,5.00,
2000-01-01T02:12:43,-0.00,514,21.70,5.00,407,22.40,5.00,
2000-01-01T02:12:48,-0.00,513,21.90,5.00,412,22.50,5.00,
2000-01-01T02:12:53,-0.00,514,21.80,5.00,416,22.40,5.00,
2000-01-01T02:12:58,-0.00,517,21.70,5.00,420,22.30,5.00,
2000-01-01T02:13:03,-0.00,520,21.70,5.00,422,22.30,5.00,
2000-01-01T02:13:09,-0.00,522,21.90,5.00,422,22.30,5.00,
2000-01-01T02:13:14,-0.00,525,21.90,5.00,422,22.40,5.00,
2000-01-01T02:13:19,-0.00,528,21.70,5.00,423,22.40,5.00,
2000-01-01T02:13:24,-0.00,530,21.80,5.00,424,22.40,5.00,
2000-01-01T02:13:29,-0.00,530,21.80,5.00,428,22.40,5.00,
2000-01-01T02:13:34,-0.00,525,21.90,5.00,431,22.40,5.00,
2000-01-01T02:13:39,-0.00,523,21.80,5.00,432,22.40,5.00,
2000-01-01T02:13:44,-0.00,519,21.70,5.00,432,22.50,5.00,
2000-01-01T02:13:49,-0.00,520,21.80,5.00,431,22.40,5.00,
2000-01-01T02:13:55,-0.00,525,21.80,5.00,430,22.40,5.00,
2000-01-01T02:14:00,-0.00,528,21.90,5.00,431,22.50,5.00,
2000-01-01T02:14:05,-0.00,533,21.80,5.00,435,22.40,5.00,
2000-01-01T02:14:10,-0.00,535,21.80,5.00,438,22.40,5.00,
2000-01-01T02:14:15,-0.00,534,21.80,5.00,440,22.30,5.00,
2000-01-01T02:14:20,-0.00,533,21.80,5.00,443,22.40,5.00,
2000-01-01T02:14:25,-0.00,530,21.80,5.00,445,22.40,5.00,
2000-01-01T02:14:30,-0.00,529,21.70,5.00,446,22.40,5.00,
2000-01-01T02:14:35,-0.00,526,22.00,5.00,448,22.30,5.00,
2000-01-01T02:14:41,-0.00,525,21.80,5.00,447,22.50,5.00,
2000-01-01T02:14:46,-0.00,525,21.80,5.00,444,22.30,5.00,
2000-01-01T02:14:51,-0.00,527,21.70,5.00,442,22.30,5.00,
2000-01-01T02:14:56,-0.00,528,21.80,5.00,440,22.30,5.00,
2000-01-01T02:15:01,-0.00,529,21.80,5.00,440,22.50,5.00,
2000-01-01T02:15:06,-0.00,528,21.80,5.00,441,22.40,5.00,
2000-01-01T02:15:11,-0.00,527,21.80,5.00,441,22.40,5.00,
2000-01-01T02:15:16,-0.00,524,21.70,5.00,443,22.40,5.00,
2000-01-01T02:15:21,-0.00,523,21.90,5.00,442,22.50,5.00,
2000-01-01T02:15:26,-0.00,521,21.70,5.00,440,22.50,5.00,
2000-01-01T02:15:31,-0.00,522,21.80,5.00,436,22.40,5.00,
2000-01-01T02:15:36,-0.00,523,22.00,5.00,434,22.50,5.00,
2000-01-01T02:15:42,-0.00,526,21.90,5.00,430,22.30,5.00,
2000-01-01T02:15:47,-0.00,530,21.80,5.00,428,22.40,5.00,
2000-01-01T02:15:52,-0.00,531,22.00,5.00,427,22.50,5.00,
2000-01-01T02:15:57,-0.00,533,21.80,5.00,427,22.50,5.00,
2000-01-01T02:16:02,-0.00,536,21.80,5.00,428,22.40,5.00,
2000-01-01T02:16:07,-0.00,538,21.80,5.00,429,22.40,5.00,
2000-01-01T02:16:12,-0.00,538,21.70,5.00,431,22.40,5.00,
2000-01-01T02:16:17,-0.00,536,21.80,5.00,433,22.30,5.00,
2000-01-01T02:16:22,-0.00,531,21.80,5.00,436,22.40,5.00,
2000-01-01T02:16:27,-0.00,529,21.90,5.00,437,22.40,5.00,
2000-01-01T02:16:32,-0.00,527,21.70,5.00,438,22.40,5.00,
2000-01-01T02:16:38,-0.00,526,21.70,5.00,439,22.30,5.00,
2000-01-01T02:16:43,-0.00,527,21.80,5.00,440,22.50,5.00,
2000-01-01T02:16:48,-0.00,529,21.70,5.00,441,22.30,5.00,
2000-01-01T02:16:53,-0.00,529,21.80,5.00,441,22.40,5.00,
2000-01-01T02:16:58,-0.00,530,21.70,5.00,440,22.20,5.00,
2000-01-01T02:17:03,-0.00,530,21.90,5.00,435,22.30,5.00,
2000-01-01T02:17:08,-0.00,529,22.00,5.00,430,22.40,5.00,
2000-01-01T02:17:13,-0.00,530,21.70,5.00,428,22.40,5.00,
2000-01-01T02:17:18,-0.00,532,21.90,5.00,428,22.30,5.00,
2000-01-01T02:17:23,-0.00,533,21.60,5.00,430,22.40,5.00,
2000-01-01T02:17:28,-0.00,532,21.70,5.00,435,22.20,5.00,
2000-01-01T02:17:33,-0.00,531,21.80,5.00,436,22.40,5.00,
2000-01-01T02:17:39,-0.00,529,21.80,5.00,438,22.40,5.00,
2000-01-01T02:17:44,-0.00,527,21.80,5.00,438,22.30,5.00,
2000-01-01T02:17:49,-0.00,527,21.90,5.00,439,22.40,5.00,
2000-01-01T02:17:54,-0.00,529,21.90,5.00,440,22.30,5.00,
2000-01-01T02:17:59,-0.00,530,21.70,5.00,443,22.50,5.00,
2000-01-01T02:18:04,-0.00,530,21.90,5.00,443,22.30,5.00,
2000-01-01T02:18:09,-0.00,531,21.90,5.00,442,22.50,5.00,
2000-01-01T02:18:14,-0.00,533,21.70,5.00,440,22.40,5.00,
2000-01-01T02:18:19,-0.00,536,21.90,5.00,440,22.50,5.00,
2000-01-01T02:18:24,-0.00,541,21.90,5.00,440,22.40,5.00,
2000-01-01T02:18:29,-0.00,543,21.80,5.00,441,22.30,5.00,
2000-01-01T02:18:34,-0.00,543,21.90,5.00,442,22.30,5.00,
2000-01-01T02:18:40,-0.00,539,21.70,5.00,442,22.40,5.00,
2000-01-01T02:18:45,-0.00,532,21.80,5.00,441,22.30,5.00,
2000-01-01T02:18:50,-0.00,527,21.80,5.00,441,22.30,5.00,
2000-01-01T02:18:55,-0.00,527,21.90,5.00,440,22.30,5.00,
2000-01-01T02:19:00,-0.00,527,21.90,5.00,440,22.30,5.00,
2000-01-01T02:19:05,-0.00,531,21.80,5.00,437,22.40,5.00,
2000-01-01T02:19:10,-0.00,533,21.70,5.00,435,22.40,5.00,
2000-01-01T02:19:15,-0.00,535,21.90,5.00,435,22.40,5.00,
2000-01-01T02:19:20,-0.00,535,21.70,5.00,436,22.40,5.00,
2000-01-01T02:19:25,-0.00,534,21.80,5.00,439,22.30,5.00,
2000-01-01T02:19:30,-0.00,529,21.80,5.00,443,22.30,5.00,
2000-01-01T02:19:35,-0.00,524,21.80,5.00,446,22.20,5.00,
2000-01-01T02:19:41,-0.00,521,21.80,5.00,446,22.40,5.00,
2000-01-01T02:19:46,-0.00,521,21.70,5.00,443,22.30,5.00,
2000-01-01T02:19:51,-0.00,537,21.80,5.00,437,22.40,5.00,
2000-01-01T02:19:56,-0.00,553,21.70,5.00,434,22.20,5.00,
2000-01-01T02:20:01,-0.00,607,21.80,5.00,429,22.20,5.00,
2000-01-01T02:20:06,-0.00,681,21.70,5.00,430,22.40,5.00,
2000-01-01T02:20:11,-0.00,757,21.80,5.00,433,22.40,5.00,
2000-01-01T02:20:16,-0.00,789,21.80,5.00,444,22.30,5.00,
2000-01-01T02:20:21,-0.00,832,21.80,5.00,460,22.40,5.00,
2000-01-01T02:20:26,-0.00,843,21.60,5.00,475,22.30,5.00,
2000-01-01T02:20:31,-0.00,839,21.80,5.00,481,22.20,5.00,
2000-01-01T02:20:36,-0.00,820,21.80,5.00,491,22.20,5.00,
2000-01-01T02:20:42,-0.00,796,21.80,5.00,499,22.50,5.00,
2000-01-01T02:20:47,-0.00,784,21.70,5.00,503,22.30,5.00,
2000-01-01T02:20:52,-0.00,759,21.80,5.00,510,22.20,5.00,
2000-01-01T02:20:57,-0.00,735,21.80,5.00,515,22.40,5.00,
2000-01-01T02:21:02,-0.00,724,21.90,5.00,516,22.50,5.00,
2000-01-01T02:21:07,-0.00,701,22.10,5.00,517,22.40,5.00,
2000-01-01T02:21:12,-0.00,681,22.00,5.00,513,22.20,5.00,
2000-01-01T02:21:17,-0.00,672,21.80,5.00,510,22.40,5.00,
2000-01-01T02:21:22,-0.00,657,22.10,5.00,504,22.20,5.00,
2000-01-01T02:21:27,-0.00,648,21.70,5.00,497,22.30,5.00,
2000-01-01T02:21:32,-0.00,641,21.60,5.00,494,22.60,5.00,
2000-01-01T02:21:38,-0.00,638,21.90,5.00,491,22.40,5.00,
2000-01-01T02:21:43,-0.00,635,21.70,5.00,489,22.30,5.00,
2000-01-01T02:21:48,-0.00,630,21.60,5.00,489,22.30,5.00,
2000-01-01T02:21:53,-0.00,627,21.90,5.00,489,22.40,5.00,
2000-01-01T02:21:58,-0.00,620,21.80,5.00,489,22.50,5.00,
2000-01-01T02:22:03,-0.00,612,21.80,5.00,489,22.40,5.00,
2000-01-01T02:22:08,-0.00,609,21.80,5.00,488,22.30,5.00,
2000-01-01T02:22:13,-0.00,605,21.70,5.00,487,22.40,5.00,
2000-01-01T02:22:18,-0.00,603,21.70,5.00,486,22.50,5.00,
2000-01-01T02:22:23,-0.00,604,21.90,5.00,485,22.50,5.00,
2000-01-01T02:22:28,-0.00,603,21.70,5.00,483,22.30,5.00,
2000-01-01T02:22:33,-0.00,603,21.80,5.00,481,22.20,5.00,
2000-01-01T02:22:39,-0.00,602,21.90,5.00,480,22.50,5.00,
2000-01-01T02:22:44,-0.00,599,21.90,5.00,481,22.20,5.00,
2000-01-01T02:22:49,-0.00,597,21.90,5.00,483,22.50,5.00,
2000-01-01T02:22:54,-0.00,595,21.80,5.00,484,22.30,5.00,
2000-01-01T02:22:59,-0.00,594,21.70,5.00,484,22.30,5.00,
2000-01-01T02:23:04,-0.00,592,21.60,5.00,481,22.40,5.00,
2000-01-01T02:23:09,-0.00,589,21.80,5.00,476,22.50,5.00,
2000-01-01T02:23:14,-0.00,586,21.70,5.00,474,22.40,5.00,
2000-01-01T02:23:19,-0.00,583,21.60,5.00,472,22.40,5.00,
2000-01-01T02:23:24,-0.00,577,21.80,5.00,472,22.40,5.00,
2000-01-01T02:23:29,-0.00,576,21.90,5.00,474,22.50,5.00,
2000-01-01T02:23:34,-0.00,574,21.80,5.00,476,22.40,5.00,
2000-01-01T02:23:40,-0.00,575,22.10,5.00,477,22.40,5.00,
2000-01-01T02:23:45,-0.00,576,21.70,5.00,476,22.40,5.00,
2000-01-01T02:23:50,-0.00,581,21.80,5.00,475,22.40,5.00,
2000-01-01T02:23:55,-0.00,585,21.70,5.00,474,22.30,5.00,
2000-01-01T02:24:00,-0.00,587,21.70,5.00,474,22.50,5.00,
2000-01-01T02:24:05,-0.00,588,21.80,5.00,476,22.30,5.00,
2000-01-01T02:24:10,-0.00,586,21.70,5.00,479,22.40,5.00,
2000-01-01T02:24:15,-0.00,582,21.80,5.00,480,22.10,5.00,
2000-01-01T02:24:20,-0.00,580,21.80,5.00,480,22.40,5.00,
2000-01-01T02:24:25,-0.00,576,21.80,5.00,477,22.40,5.00,
2000-01-01T02:24:30,-0.00,573,21.90,5.00,476,22.30,5.00,
2000-01-01T02:24:36,-0.00,573,21.70,5.00,477,22.50,5.00,
2000-01-01T02:24:41,-0.00,574,21.70,5.00,477,22.30,5.00,
2000-01-01T02:24:46,-0.00,576,21.70,5.00,478,22.50,5.00,
2000-01-01T02:24:51,-0.00,575,21.90,5.00,479,22.40,5.00,
2000-01-01T02:24:56,-0.00,574,21.70,5.00,479,22.30,5.00,
2000-01-01T02:25:01,-0.00,572,21.50,5.00,480,22.40,5.00,
2000-01-01T02:25:06,-0.00,570,21.80,5.00,480,22.50,5.00,
2000-01-01T02:25:11,-0.00,570,21.70,5.00,479,22.30,5.00,
2000-01-01T02:25:16,-0.00,573,21.90,5.00,477,22.30,5.00,
2000-01-01T02:25:21,-0.00,574,21.80,5.00,475,22.40,5.00,
2000-01-01T02:25:26,-0.00,576,21.70,5.00,473,22.40,5.00,
2000-01-01T02:25:31,-0.00,577,21.80,5.00,472,22.10,5.00,
2000-01-01T02:25:37,-0.00,577,21.70,5.00,473,22.50,5.00,
2000-01-01T02:25:42,-0.00,575,21.70,5.00,479,22.40,5.00,
2000-01-01T02:25:47,-0.00,574,21.80,5.00,484,22.50,5.00,
2000-01-01T02:25:52,-0.00,574,21.80,5.00,489,22.60,5.00,
2000-01-01T02:25:57,-0.00,574,21.80,5.00,490,22.30,5.00,
2000-01-01T02:26:02,-0.00,575,21.80,5.00,488,22.30,5.00,
2000-01-01T02:26:07,-0.00,576,21.80,5.00,485,22.30,5.00,
2000-01-01T02:26:12,-0.00,576,21.80,5.00,484,22.30,5.00,
2000-01-01T02:26:17,-0.00,577,21.80,5.00,481,22.50,5.00,
2000-01-01T02:26:22,-0.00,578,22.00,5.00,479,22.30,5.00,
2000-01-01T02:26:27,-0.00,579,21.70,5.00,478,22.10,5.00,
2000-01-01T02:26:32,-0.00,582,21.80,5.00,473,22.40,5.00,
2000-01-01T02:26:38,-0.00,585,21.90,5.00,472,22.30,5.00,
2000-01-01T02:26:43,-0.00,584,21.70,5.00,473,22.50,5.00,
2000-01-01T02:26:48,-0.00,581,21.80,5.00,475,22.40,5.00,
2000-01-01T02:26:53,-0.00,576,21.80,5.00,478,22.30,5.00,
2000-01-01T02:26:58,-0.00,574,21.80,5.00,478,22.50,5.00,
2000-01-01T02:27:03,-0.00,573,21.90,5.00,475,22.30,5.00,
2000-01-01T02:27:08,-0.00,576,21.80,5.00,470,22.50,5.00,
2000-01-01T02:27:13,-0.00,581,21.90,5.00,463,22.20,5.00,
2000-01-01T02:27:18,-0.00,584,21.90,5.00,463,22.30,5.00,
2000-01-01T02:27:23,-0.00,587,21.80,5.00,464,22.50,5.00,
2000-01-01T02:27:28,-0.00,588,21.90,5.00,468,22.40,5.00,
2000-01-01T02:27:34,-0.00,587,21.80,5.00,471,22.10,5.00,
2000-01-01T02:27:39,-0.00,584,22.00,5.00,473,22.40,5.00,
2000-01-01T02:27:44,-0.00,581,21.70,5.00,473,22.50,5.00,
2000-01-01T02:27:49,-0.00,581,21.80,5.00,472,22.40,5.00,
2000-01-01T02:27:54,-0.00,582,21.90,5.00,471,22.40,5.00,
2000-01-01T02:27:59,-0.00,584,21.80,5.00,473,22.40,5.00,
2000-01-01T02:28:04,-0.00,584,21.80,5.00,474,22.40,5.00,
2000-01-01T02:28:09,-0.00,585,21.80,5.00,478,22.50,5.00,
2000-01-01T02:28:14,-0.00,586,21.90,5.00,479,22.40,5.00,
2000-01-01T02:28:19,-0.00,586,21.90,5.00,478,22.40,5.00,
2000-01-01T02:28:24,-0.00,587,21.80,5.00,475,22.50,5.00,
2000-01-01T02:28:29,-0.00,586,21.80,5.00,473,22.50,5.00,
2000-01-01T02:28:35,-0.00,583,21.80,5.00,471,22.30,5.00,
2000-01-01T02:28:40,-0.00,581,21.90,5.00,472,22.40,5.00,
2000-01-01T02:28:45,-0.00,577,21.80,5.00,472,22.20,5.00,
2000-01-01T02:28:50,-0.00,575,21.80,5.00,471,22.30,5.00,
2000-01-01T02:28:55,-0.00,574,21.80,5.00,470,22.50,5.00,
2000-01-01T02:29:00,-0.00,575,21.90,5.00,466,22.30,5.00,
2000-01-01T02:29:05,-0.00,575,21.80,5.00,463,22.40,5.00,
2000-01-01T02:29:10,-0.00,575,21.80,5.00,463,22.30,5.00,
2000-01-01T02:29:15,-0.00,572,21.80,5.00,461,22.40,5.00,
2000-01-01T02:29:20,-0.00,569,21.80,5.00,462,22.30,5.00,
2000-01-01T02:29:25,-0.00,567,21.90,5.00,463,22.40,5.00,
2000-01-01T02:29:30,-0.00,564,21.80,5.00,464,22.40,5.00,
2000-01-01T02:29:36,-0.00,563,21.80,5.00,468,22.50,5.00,
2000-01-01T02:29:41,-0.00,563,21.70,5.00,470,22.40,5.00,
2000-01-01T02:29:46,-0.00,564,21.80,5.00,474,22.20,5.00,
2000-01-01T02:29:51,-0.00,565,21.80,5.00,478,22.40,5.00,
2000-01-01T02:29:56,-0.00,567,21.90,5.00,477,22.30,5.00,
2000-01-01T02:30:01,-0.00,567,21.90,5.00,476,22.30,5.00,
2000-01-01T02:30:06,-0.00,570,21.80,5.00,474,22.30,5.00,
2000-01-01T02:30:11,-0.00,573,21.70,5.00,471,22.30,5.00,
2000-01-01T02:30:16,-0.00,575,21.90,5.00,470,22.30,5.00,
2000-01-01T02:30:21,-0.00,578,21.80,5.00,471,22.30,5.00,
2000-01-01T02:30:26,-0.00,579,21.80,5.00,474,22.20,5.00,
2000-01-01T02:30:31,-0.00,580,21.80,5.00,477,22.40,5.00,
2000-01-01T02:30:37,-0.00,582,21.80,5.00,482,22.50,5.00,
2000-01-01T02:30:42,-0.00,585,21.80,5.00,487,22.30,5.00,
2000-01-01T02:30:47,-0.00,587,21.90,5.00,490,22.50,5.00,
2000-01-01T02:30:52,-0.00,587,21.80,5.00,495,22.40,5.00,
2000-01-01T02:30:57,-0.00,583,21.70,5.00,495,22.30,5.00,
2000-01-01T02:31:02,-0.00,581,21.90,5.00,494,22.30,5.00,
2000-01-01T02:31:07,-0.00,576,21.80,5.00,489,22.30,5.00,
2000-01-01T02:31:12,-0.00,574,21.80,5.00,482,22.50,5.00,
2000-01-01T02:31:17,-0.00,574,21.80,5.00,478,22.30,5.00,
2000-01-01T02:31:22,-0.00,573,21.80,5.00,477,22.40,5.00,
2000-01-01T02:31:27,-0.00,573,21.90,5.00,478,22.30,5.00,
2000-01-01T02:31:33,-0.00,573,21.90,5.00,479,22.40,5.00,
2000-01-01T02:31:38,-0.00,574,21.80,5.00,479,22.20,5.00,
2000-01-01T02:31:43,-0.00,577,21.80,5.00,477,22.30,5.00,
2000-01-01T02:31:48,-0.00,580,21.70,5.00,475,22.30,5.00,
2000-01-01T02:31:53,-0.00,581,21.80,5.00,474,22.40,5.00,
2000-01-01T02:31:58,-0.00,581,21.80,5.00,473,22.40,5.00,
2000-01-01T02:32:03,-0.00,579,21.70,5.00,473,22.30,5.00,
2000-01-01T02:32:08,-0.00,577,21.80,5.00,473,22.20,5.00,
2000-01-01T02:32:13,-0.00,574,21.80,5.00,474,22.30,5.00,
2000-01-01T02:32:18,-0.00,569,21.80,5.00,474,22.20,5.00,
2000-01-01T02:32:23,-0.00,568,21.80,5.00,475,22.30,5.00,
2000-01-01T02:32:28,-0.00,566,21.90,5.00,475,22.40,5.00,
2000-01-01T02:32:34,-0.00,565,21.70,5.00,478,22.40,5.00,
2000-01-01T02:32:39,-0.00,565,21.80,5.00,478,22.30,5.00,
2000-01-01T02:32:44,-0.00,566,21.90,5.00,479,22.40,5.00,
2000-01-01T02:32:49,-0.00,569,21.80,5.00,481,22.40,5.00,
2000-01-01T02:32:54,-0.00,572,21.80,5.00,483,22.40,5.00,
2000-01-01T02:32:59,-0.00,573,21.90,5.00,482,22.30,5.00,
2000-01-01T02:33:04,-0.00,576,21.80,5.00,479,22.30,5.00,
2000-01-01T02:33:09,-0.00,577,21.90,5.00,474,22.40,5.00,
2000-01-01T02:33:14,-0.00,577,21.70,5.00,474,22.40,5.00,
2000-01-01T02:33:19,-0.00,576,21.90,5.00,474,22.30,5.00,
2000-01-01T02:33:24,-0.00,572,21.80,5.00,476,22.50,5.00,
2000-01-01T02:33:29,-0.00,570,21.70,5.00,478,22.40,5.00,
2000-01-01T02:33:35,-0.00,567,21.80,5.00,478,22.30,5.00,
2000-01-01T02:33:40,-0.00,567,21.80,5.00,477,22.30,5.00,
2000-01-01T02:33:45,-0.00,568,21.80,5.00,477,22.30,5.00,
2000-01-01T02:33:50,-0.00,573,21.80,5.00,477,22.30,5.00,
2000-01-01T02:33:55,-0.00,579,21.80,5.00,480,22.30,5.00,
2000-01-01T02:34:00,-0.00,581,21.80,5.00,482,22.20,5.00,
2000-01-01T02:34:05,-0.00,582,21.80,5.00,483,22.30,5.00,
2000-01-01T02:34:10,-0.00,582,21.80,5.00,483,22.40,5.00,
2000-01-01T02:34:15,-0.00,580,21.80,5.00,484,22.40,5.00,
2000-01-01T02:34:20,-0.00,580,21.80,5.00,485,22.30,5.00,
2000-01-01T02:34:25,-0.00,578,21.90,5.00,484,22.30,5.00,
2000-01-01T02:34:31,-0.00,574,21.80,5.00,482,22.30,5.00,
2000-01-01T02:34:36,-0.00,572,21.80,5.00,481,22.40,5.00,
2000-01-01T02:34:41,-0.00,572,21.80,5.00,477,22.30,5.00,
2000-01-01T02:34:46,-0.00,573,21.80,5.00,474,22.30,5.00,
2000-01-01T02:34:51,-0.00,574,21.80,5.00,473,22.40,5.00,
2000-01-01T02:34:56,-0.00,578,21.70,5.00,468,22.30,5.00,
2000-01-01T02:35:01,-0.00,579,21.90,5.00,466,22.30,5.00,
2000-01-01T02:35:06,-0.00,578,21.70,5.00,467,22.30,5.00,
2000-01-01T02:35:11,-0.00,577,21.80,5.00,468,22.40,5.00,
2000-01-01T02:35:16,-0.00,576,21.80,5.00,472,22.20,5.00,
2000-01-01T02:35:21,-0.00,579,21.80,5.00,475,22.30,5.00,
2000-01-01T02:35:26,-0.00,580,21.80,5.00,477,22.30,5.00,
2000-01-01T02:35:32,-0.00,585,21.80,5.00,480,22.40,5.00,
2000-01-01T02:35:37,-0.00,588,21.90,5.00,481,22.50,5.00,
2000-01-01T02:35:42,-0.00,588,21.80,5.00,482,22.40,5.00,
2000-01-01T02:35:47,-0.00,586,21.80,5.00,481,22.30,5.00,
2000-01-01T02:35:52,-0.00,581,21.70,5.00,478,22.30,5.00,
2000-01-01T02:35:57,-0.00,579,21.70,5.00,476,22.30,5.00,
2000-01-01T02:36:02,-0.00,577,21.80,5.00,473,22.20,5.00,
2000-01-01T02:36:07,-0.00,577,21.70,5.00,472,22.30,5.00,
2000-01-01T02:36:12,-0.00,577,21.80,5.00,472,22.30,5.00,
2000-01-01T02:36:17,-0.00,577,21.80,5.00,473,22.30,5.00,
2000-01-01T02:36:22,-0.00,575,21.90,5.00,473,22.10,5.00,
2000-01-01T02:36:27,-0.00,574,21.80,5.00,473,22.30,5.00,
2000-01-01T02:36:33,-0.00,573,21.80,5.00,473,22.50,5.00,
2000-01-01T02:36:38,-0.00,571,21.70,5.00,473,22.50,5.00,
2000-01-01T02:36:43,-0.00,571,21.60,5.00,473,22.40,5.00,
2000-01-01T02:36:48,-0.00,571,21.80,5.00,475,22.40,5.00,
2000-01-01T02:36:53,-0.00,571,21.80,5.00,477,22.30,5.00,
2000-01-01T02:36:58,-0.00,573,21.80,5.00,479,22.40,5.00,
2000-01-01T02:37:03,-0.00,573,21.90,5.00,480,22.50,5.00,
2000-01-01T02:37:08,-0.00,573,21.80,5.00,478,22.40,5.00,
2000-01-01T02:37:13,-0.00,574,21.80,5.00,475,22.60,5.00,
2000-01-01T02:37:18,-0.00,572,21.80,5.00,474,22.30,5.00,
2000-01-01T02:37:23,-0.00,571,21.80,5.00,470,22.20,5.00,
2000-01-01T02:37:29,-0.00,571,21.70,5.00,469,22.60,5.00,
2000-01-01T02:37:34,-0.00,572,21.80,5.00,469,22.30,5.00,
2000-01-01T02:37:39,-0.00,575,21.80,5.00,469,22.40,5.00,
2000-01-01T02:37:44,-0.00,578,21.80,5.00,470,22.30,5.00,
2000-01-01T02:37:49,-0.00,579,21.80,5.00,472,22.50,5.00,
2000-01-01T02:37:54,-0.00,580,21.70,5.00,473,22.30,5.00,
2000-01-01T02:37:59,-0.00,574,21.80,5.00,474,22.30,5.00,
2000-01-01T02:38:05,-0.00,563,21.80,5.00,472,22.20,5.00,
2000-01-01T02:38:10,-0.00,557,21.80,5.00,469,22.30,5.00,
2000-01-01T02:38:15,-0.00,543,21.70,5.00,460,22.30,5.00,
2000-01-01T02:38:20,-0.00,533,21.80,5.00,450,22.40,5.00,
2000-01-01T02:38:25,-0.00,529,21.70,5.00,446,22.10,5.00,
2000-01-01T02:38:30,-0.00,521,21.80,5.00,438,22.50,5.00,
2000-01-01T02:38:35,-0.00,513,21.80,5.00,433,22.30,5.00,
2000-01-01T02:38:40,-0.00,509,21.80,5.00,430,22.30,5.00,
2000-01-01T02:38:45,-0.00,504,21.80,5.00,422,22.30,5.00,
2000-01-01T02:38:50,-0.00,505,21.80,5.00,415,22.40,5.00,
2000-01-01T02:38:55,-0.00,516,21.80,5.00,411,22.30,5.00,
2000-01-01T02:39:01,-0.00,524,21.80,5.00,412,22.50,5.00,
2000-01-01T02:39:06,-0.00,541,21.90,5.00,416,22.30,5.00,
2000-01-01T02:39:11,-0.00,557,21.90,5.00,428,22.50,5.00,
2000-01-01T02:39:16,-0.00,562,21.70,5.00,435,22.30,5.00,
2000-01-01T02:39:21,-0.00,572,21.70,5.00,450,22.30,5.00,
2000-01-01T02:39:26,-0.00,583,21.80,5.00,465,22.40,5.00,
2000-01-01T02:39:31,-0.00,588,21.80,5.00,471,22.40,5.00,
2000-01-01T02:39:36,-0.00,600,21.90,5.00,484,22.40,5.00,
2000-01-01T02:39:41,-0.00,614,21.70,5.00,494,22.30,5.00,
2000-01-01T02:39:46,-0.00,621,21.80,5.00,498,22.30,5.00,
2000-01-01T02:39:51,-0.00,634,21.80,5.00,507,22.20,5.00,
2000-01-01T02:39:56,-0.00,643,22.00,5.00,519,22.30,5.00,
2000-01-01T02:40:02,-0.00,647,21.80,5.00,525,22.50,5.00,
2000-01-01T02:40:07,-0.00,652,21.80,5.00,537,22.30,5.00,
2000-01-01T02:40:12,-0.00,654,21.90,5.00,547,22.40,5.00,
2000-01-01T02:40:17,-0.00,653,21.80,5.00,552,22.30,5.00,
2000-01-01T02:40:22,-0.00,653,21.60,5.00,554,22.30,5.00,
2000-01-01T02:40:27,-0.00,655,21.80,5.00,554,22.40,5.00,
2000-01-01T02:40:32,-0.00,657,21.80,5.00,552,22.30,5.00,
2000-01-01T02:40:37,-0.00,659,21.80,5.00,553,22.30,5.00,
2000-01-01T02:40:42,-0.00,665,21.90,5.00,556,22.30,5.00,
2000-01-01T02:40:47,-0.00,670,21.80,5.00,561,22.30,5.00,
2000-01-01T02:40:52,-0.00,672,21.70,5.00,564,22.20,5.00,
2000-01-01T02:40:57,-0.00,675,21.90,5.00,569,22.50,5.00,
2000-01-01T02:41:03,-0.00,676,21.70,5.00,570,22.40,5.00,
2000-01-01T02:41:08,-0.00,676,21.90,5.00,569,22.30,5.00,
2000-01-01T02:41:13,-0.00,676,21.90,5.00,567,22.30,5.00,
2000-01-01T02:41:18,-0.00,677,21.80,5.00,566,22.30,5.00,
2000-01-01T02:41:23,-0.00,678,21.90,5.00,567,22.30,5.00,
2000-01-01T02:41:28,-0.00,678,21.90,5.00,568,22.20,5.00,
2000-01-01T02:41:33,-0.00,677,21.90,5.00,569,22.30,5.00,
2000-01-01T02:41:38,-0.00,675,21.80,5.00,569,22.40,5.00,
2000-01-01T02:41:43,-0.00,674,21.80,5.00,568,22.40,5.00,
2000-01-01T02:41:48,-0.00,675,21.90,5.00,568,22.30,5.00,
2000-01-01T02:41:53,-0.00,676,21.80,5.00,570,22.50,5.00,
2000-01-01T02:41:59,-0.00,676,21.80,5.00,572,22.30,5.00,
2000-01-01T02:42:04,-0.00,678,21.90,5.00,576,22.50,5.00,
2000-01-01T02:42:09,-0.00,679,21.90,5.00,579,22.30,5.00,
2000-01-01T02:42:14,-0.00,680,21.90,5.00,579,22.30,5.00,
2000-01-01T02:42:19,-0.00,684,21.80,5.00,578,22.30,5.00,
2000-01-01T02:42:24,-0.00,685,22.00,5.00,576,22.50,5.00,
2000-01-01T02:42:29,-0.00,686,21.90,5.00,574,22.40,5.00,
2000-01-01T02:42:34,-0.00,685,21.90,5.00,574,22.50,5.00,
2000-01-01T02:42:39,-0.00,683,21.80,5.00,574,22.40,5.00,
2000-01-01T02:42:44,-0.00,682,21.80,5.00,576,22.40,5.00,
2000-01-01T02:42:49,-0.00,681,21.70,5.00,578,22.40,5.00,
2000-01-01T02:42:54,-0.00,678,21.90,5.00,580,22.30,5.00,
2000-01-01T02:43:00,-0.00,676,21.80,5.00,580,22.30,5.00,
2000-01-01T02:43:05,-0.00,674,21.90,5.00,579,22.30,5.00,
2000-01-01T02:43:10,-0.00,673,21.80,5.00,574,22.30,5.00,
2000-01-01T02:43:15,-0.00,672,21.90,5.00,573,22.30,5.00,
2000-01-01T02:43:20,-0.00,671,21.90,5.00,572,22.50,5.00,
2000-01-01T02:43:25,-0.00,670,21.90,5.00,576,22.40,5.00,
2000-01-01T02:43:30,-0.00,670,21.70,5.00,580,22.40,5.00,
2000-01-01T02:43:35,-0.00,671,21.80,5.00,580,22.30,5.00,
2000-01-01T02:43:40,-0.00,676,21.80,5.00,581,22.30,5.00,
2000-01-01T02:43:45,-0.00,681,22.00,5.00,582,22.30,5.00,
2000-01-01T02:43:50,-0.00,683,21.90,5.00,582,22.40,5.00,
2000-01-01T02:43:55,-0.00,685,21.90,5.00,586,22.50,5.00,
2000-01-01T02:44:01,-0.00,682,21.80,5.00,591,22.50,5.00,
2000-01-01T02:44:06,-0.00,681,21.80,5.00,592,22.30,5.00,
2000-01-01T02:44:11,-0.00,679,21.80,5.00,592,22.30,5.00,
2000-01-01T02:44:16,-0.00,679,21.90,5.00,587,22.40,5.00,
2000-01-01T02:44:21,-0.00,679,21.80,5.00,580,22.30,5.00,
2000-01-01T02:44:26,-0.00,679,21.90,5.00,577,22.30,5.00,
2000-01-01T02:44:31,-0.00,680,21.80,5.00,571,22.30,5.00,
2000-01-01T02:44:36,-0.00,682,21.90,5.00,568,22.40,5.00,
2000-01-01T02:44:41,-0.00,684,21.80,5.00,567,22.30,5.00,
2000-01-01T02:44:46,-0.00,686,21.90,5.00,568,22.40,5.00,
2000-01-01T02:44:51,-0.00,687,21.90,5.00,572,22.40,5.00,
2000-01-01T02:44:57,-0.00,687,21.90,5.00,574,22.40,5.00,
2000-01-01T02:45:02,-0.00,686,21.80,5.00,578,22.40,5.00,
2000-01-01T02:45:07,-0.00,687,21.90,5.00,581,22.30,5.00,
2000-01-01T02:45:12,-0.00,687,21.80,5.00,581,22.40,5.00,
2000-01-01T02:45:17,-0.00,686,21.80,5.00,579,22.30,5.00,
2000-01-01T02:45:22,-0.00,685,21.80,5.00,576,22.30,5.00,
2000-01-01T02:45:27,-0.00,684,21.90,5.00,575,22.30,5.00,
2000-01-01T02:45:32,-0.00,681,21.90,5.00,574,22.40,5.00,
2000-01-01T02:45:37,-0.00,683,21.80,5.00,576,22.30,5.00,
2000-01-01T02:45:42,-0.00,684,21.90,5.00,577,22.30,5.00,
2000-01-01T02:45:47,-0.00,687,21.90,5.00,577,22.30,5.00,
2000-01-01T02:45:52,-0.00,699,21.80,5.00,574,22.40,5.00,
2000-01-01T02:45:58,-0.00,724,21.90,5.00,567,22.40,5.00,
2000-01-01T02:46:03,-0.00,743,21.80,5.00,563,22.40,5.00,
2000-01-01T02:46:08,-0.00,796,21.90,5.00,556,22.30,5.00,
2000-01-01T02:46:13,-0.00,854,21.80,5.00,552,22.30,5.00,
2000-01-01T02:46:18,-0.00,881,21.90,5.00,553,22.50,5.00,
2000-01-01T02:46:23,-0.00,923,21.80,5.00,559,22.30,5.00,
2000-01-01T02:46:28,-0.00,941,21.90,5.00,574,22.40,5.00,
2000-01-01T02:46:33,-0.00,942,21.80,5.00,584,22.40,5.00,
2000-01-01T02:46:38,-0.00,934,22.00,5.00,605,22.30,5.00,
2000-01-01T02:46:43,-0.00,917,21.70,5.00,625,22.30,5.00,
2000-01-01T02:46:48,-0.00,906,22.00,5.00,632,22.30,5.00,
2000-01-01T02:46:53,-0.00,883,21.80,5.00,639,22.30,5.00,
2000-01-01T02:46:59,-0.00,863,21.80,5.00,640,22.40,5.00,
2000-01-01T02:47:04,-0.00,845,21.80,5.00,641,22.30,5.00,
2000-01-01T02:47:09,-0.00,837,21.90,5.00,643,22.30,5.00,
2000-01-01T02:47:14,-0.00,825,21.80,5.00,648,22.50,5.00,
2000-01-01T02:47:19,-0.00,815,21.80,5.00,654,22.30,5.00,
2000-01-01T02:47:24,-0.00,811,21.80,5.00,657,22.40,5.00,
2000-01-01T02:47:29,-0.00,800,21.80,5.00,660,22.30,5.00,
2000-01-01T02:47:34,-0.00,789,21.90,5.00,659,22.40,5.00,
2000-01-01T02:47:39,-0.00,784,21.90,5.00,658,22.30,5.00,
2000-01-01T02:47:44,-0.00,773,21.90,5.00,654,22.50,5.00,
2000-01-01T02:47:49,-0.00,764,21.90,5.00,650,22.30,5.00,
2000-01-01T02:47:55,-0.00,761,21.90,5.00,649,22.60,5.00,
2000-01-01T02:48:00,-0.00,755,21.80,5.00,648,22.30,5.00,
2000-01-01T02:48:05,-0.00,752,21.70,5.00,649,22.40,5.00,
2000-01-01T02:48:10,-0.00,751,21.90,5.00,650,22.40,5.00,
2000-01-01T02:48:15,-0.00,750,21.90,5.00,650,22.50,5.00,
2000-01-01T02:48:20,-0.00,751,21.80,5.00,648,22.40,5.00,
2000-01-01T02:48:25,-0.00,751,22.00,5.00,644,22.30,5.00,
2000-01-01T02:48:30,-0.00,751,21.80,5.00,643,22.50,5.00,
2000-01-01T02:48:35,-0.00,750,22.00,5.00,641,22.40,5.00,
2000-01-01T02:48:40,-0.00,747,21.90,5.00,638,22.30,5.00,
2000-01-01T02:48:45,-0.00,744,21.90,5.00,637,22.60,5.00,
2000-01-01T02:48:50,-0.00,737,21.80,5.00,636,22.40,5.00,
2000-01-01T02:48:56,-0.00,729,21.90,5.00,634,22.50,5.00,
2000-01-01T02:49:01,-0.00,727,21.90,5.00,634,22.30,5.00,
2000-01-01T02:49:06,-0.00,728,21.80,5.00,634,22.40,5.00,
2000-01-01T02:49:11,-0.00,733,21.90,5.00,634,22.40,5.00,
2000-01-01T02:49:16,-0.00,738,21.80,5.00,634,22.40,5.00,
2000-01-01T02:49:21,-0.00,748,21.80,5.00,634,22.30,5.00,
2000-01-01T02:49:26,-0.00,754,21.80,5.00,634,22.50,5.00,
2000-01-01T02:49:31,-0.00,755,22.00,5.00,635,22.30,5.00,
2000-01-01T02:49:36,-0.00,752,21.90,5.00,637,22.30,5.00,
2000-01-01T02:49:41,-0.00,747,21.80,5.00,639,22.30,5.00,
2000-01-01T02:49:46,-0.00,742,22.00,5.00,640,22.30,5.00,
2000-01-01T02:49:51,-0.00,741,21.80,5.00,641,22.30,5.00,
2000-01-01T02:49:57,-0.00,740,21.80,5.00,636,22.30,5.00,
2000-01-01T02:50:02,-0.00,739,21.80,5.00,632,22.40,5.00,
2000-01-01T02:50:07,-0.00,739,21.80,5.00,630,22.40,5.00,
2000-01-01T02:50:12,-0.00,742,21.90,5.00,627,22.30,5.00,
2000-01-01T02:50:17,-0.00,744,21.90,5.00,626,22.40,5.00,
2000-01-01T02:50:22,-0.00,744,21.80,5.00,626,22.30,5.00,
2000-01-01T02:50:27,-0.00,742,21.90,5.00,625,22.30,5.00,
2000-01-01T02:50:32,-0.00,738,21.80,5.00,624,22.30,5.00,
2000-01-01T02:50:37,-0.00,736,21.80,5.00,623,22.30,5.00,
2000-01-01T02:50:42,-0.00,734,21.90,5.00,624,22.30,5.00,
2000-01-01T02:50:47,-0.00,735,21.90,5.00,625,22.40,5.00,
2000-01-01T02:50:52,-0.00,737,21.90,5.00,625,22.30,5.00,
2000-01-01T02:50:58,-0.00,739,21.90,5.00,626,22.30,5.00,
2000-01-01T02:51:03,-0.00,740,21.90,5.00,625,22.40,5.00,
2000-01-01T02:51:08,-0.00,739,21.80,5.00,626,22.30,5.00,
2000-01-01T02:51:13,-0.00,739,21.90,5.00,628,22.30,5.00,
2000-01-01T02:51:18,-0.00,739,21.80,5.00,628,22.30,5.00,
2000-01-01T02:51:23,-0.00,739,21.80,5.00,629,22.30,5.00,
2000-01-01T02:51:28,-0.00,740,21.80,5.00,629,22.40,5.00,
2000-01-01T02:51:33,-0.00,741,21.80,5.00,627,22.30,5.00,
2000-01-01T02:51:38,-0.00,743,21.90,5.00,625,22.50,5.00,
2000-01-01T02:51:43,-0.00,744,21.90,5.00,624,22.40,5.00,
2000-01-01T02:51:48,-0.00,744,21.90,5.00,623,22.40,5.00,
2000-01-01T02:51:54,-0.00,745,21.90,5.00,622,22.40,5.00,
2000-01-01T02:51:59,-0.00,745,21.80,5.00,622,22.40,5.00,
2000-01-01T02:52:04,-0.00,745,21.80,5.00,621,22.40,5.00,
2000-01-01T02:52:09,-0.00,743,21.80,5.00,619,22.40,5.00,
2000-01-01T02:52:14,-0.00,743,21.80,5.00,619,22.30,5.00,
2000-01-01T02:52:19,-0.00,739,21.80,5.00,618,22.30,5.00,
2000-01-01T02:52:24,-0.00,736,22.00,5.00,620,22.30,5.00,
2000-01-01T02:52:29,-0.00,732,21.90,5.00,621,22.30,5.00,
2000-01-01T02:52:34,-0.00,730,21.90,5.00,624,22.50,5.00,
2000-01-01T02:52:39,-0.00,726,21.90,5.00,628,22.30,5.00,
2000-01-01T02:52:44,-0.00,725,21.70,5.00,631,22.40,5.00,
2000-01-01T02:52:49,-0.00,725,21.90,5.00,632,22.30,5.00,
2000-01-01T02:52:55,-0.00,727,22.00,5.00,631,22.40,5.00,
2000-01-01T02:53:00,-0.00,729,22.00,5.00,628,22.40,5.00,
2000-01-01T02:53:05,-0.00,730,21.80,5.00,628,22.40,5.00,
2000-01-01T02:53:10,-0.00,733,21.80,5.00,627,22.40,5.00,
2000-01-01T02:53:15,-0.00,737,21.90,5.00,627,22.50,5.00,
2000-01-01T02:53:20,-0.00,738,21.90,5.00,628,22.40,5.00,
2000-01-01T02:53:25,-0.00,740,21.90,5.00,626,22.40,5.00,
2000-01-01T02:53:30,-0.00,738,21.90,5.00,623,22.40,5.00,
2000-01-01T02:53:35,-0.00,736,21.90,5.00,621,22.40,5.00,
2000-01-01T02:53:40,-0.00,739,21.90,5.00,620,22.40,5.00,
2000-01-01T02:53:45,-0.00,756,21.90,5.00,621,22.40,5.00,
2000-01-01T02:53:50,-0.00,796,21.80,5.00,623,22.30,5.00,
2000-01-01T02:53:56,-0.00,825,21.80,5.00,625,22.40,5.00,
2000-01-01T02:54:01,-0.00,893,21.90,5.00,624,22.40,5.00,
2000-01-01T02:54:06,-0.00,962,21.90,5.00,621,22.50,5.00,
2000-01-01T02:54:11,-0.00,993,21.90,5.00,619,22.30,5.00,
2000-01-01T02:54:16,-0.00,1043,21.80,5.00,616,22.60,5.00,
2000-01-01T02:54:21,-0.00,1075,21.90,5.00,615,22.40,5.00,
2000-01-01T02:54:26,-0.00,1085,21.90,5.00,616,22.40,5.00,
2000-01-01T02:54:31,-0.00,1098,21.90,5.00,617,22.40,5.00,
2000-01-01T02:54:36,-0.00,1101,21.90,5.00,617,22.50,5.00,
2000-01-01T02:54:41,-0.00,1102,22.00,5.00,617,22.50,5.00,
2000-01-01T02:54:46,-0.00,1098,21.90,5.00,616,22.40,5.00,
2000-01-01T02:54:52,-0.00,1091,21.80,5.00,616,22.50,5.00,
2000-01-01T02:54:57,-0.00,1085,21.90,5.00,615,22.40,5.00,
2000-01-01T02:55:02,-0.00,1070,21.90,5.00,614,22.50,5.00,
2000-01-01T02:55:07,-0.00,1052,21.80,5.00,610,22.40,5.00,
2000-01-01T02:55:12,-0.00,1034,21.90,5.00,606,22.30,5.00,
2000-01-01T02:55:17,-0.00,1025,21.80,5.00,597,22.50,5.00,
2000-01-01T02:55:22,-0.00,1006,21.80,5.00,591,22.50,5.00,
2000-01-01T02:55:27,-0.00,986,21.90,5.00,585,22.60,5.00,
2000-01-01T02:55:32,-0.00,976,21.90,5.00,584,22.30,5.00,
2000-01-01T02:55:37,-0.00,961,21.90,5.00,580,22.40,5.00,
2000-01-01T02:55:42,-0.00,950,21.80,5.00,580,22.30,5.00,
2000-01-01T02:55:47,-0.00,946,21.90,5.00,581,22.40,5.00,
2000-01-01T02:55:53,-0.00,940,22.00,5.00,585,22.50,5.00,
2000-01-01T02:55:58,-0.00,930,21.80,5.00,590,22.50,5.00,
2000-01-01T02:56:03,-0.00,921,21.90,5.00,593,22.70,5.00,
2000-01-01T02:56:08,-0.00,901,21.90,5.00,594,22.50,5.00,
2000-01-01T02:56:13,-0.00,874,21.90,5.00,592,22.40,5.00,
2000-01-01T02:56:18,-0.00,861,21.90,5.00,589,22.50,5.00,
2000-01-01T02:56:23,-0.00,836,21.90,5.00,586,22.70,5.00,
2000-01-01T02:56:28,-0.00,818,21.90,5.00,585,22.50,5.00,
2000-01-01T02:56:33,-0.00,811,21.80,5.00,584,22.50,5.00,
2000-01-01T02:56:38,-0.00,800,22.00,5.00,586,22.60,5.00,
2000-01-01T02:56:43,-0.00,788,22.00,5.00,588,22.60,5.00,
2000-01-01T02:56:48,-0.00,777,21.90,5.00,590,22.40,5.00,
